164.23
164.4
162.58
162.25
162.14
160.84
161.25
162.77
164.34
163.98
163.55
165.29
163.41
163.7
162.16
161.54
161.54
160.13
159.18
161.74
161.33
163.44
162.01
162.04
162.56
165.04
167.59
170.53
169.53
168.89
169.06
169.29
164.82
163.95
164.29
166.01
165.46
165.53
168.11
167.08
167.56
168.48
166.6
168.64
167.64
166.64
165.68
168.46
170.41
170.57
170.99
170.53
169.02
169.13
169.14
167.12
165.53
164.84
162.68
161.83
161.36
162.77
164.83
164.42
163.98
162.55
162.39
164.46
165.48
166.21
165.54
163.43
162.14
161.99
163.27
163.71
163.4
164.91
164.25
164.96
165.95
165.81
166.1
164.28
163.31
162.34
162.11
164.43
162.95
161.44
161.81
158.81
160.42
160.05
160.71
158.71
159.74
158.75
158.12
156.77
155.82
155.14
152.85
151.76
151.04
151.9
153.02
152.96
153.39
151.59
151.85
152.67
153.37
152.81
150.66
151.19
149.9
149.59
149.81
151.37
150.83
151.24
151.8
152.87
151.26
153.67
153.67
153.48
152.3
150.88
148.06
149.74
149.6
146.79
145.48
148
147.44
147.43
148.3
148.93
147.65
147.5
145
145.7
146.93
146.14
144.26
143.23
142.96
145.3
144.51
144.27
141.54
141.75
139.97
143.85
146.29
145.27
146.4
146.72
146.65
145.73
146.69
145.78
146.78
145.18
145.27
141.96
141.36
138.34
140.64
140.33
141.24
140.77
142.17
139.72
138.83
138.61
136.25
137.49
135.3
135.24
137.4
139.95
139.57
140
141.82
142.72
141.77
138.69
138.82
138.72
138.53
134.2
134.88
133.88
132.93
134.22
137.02
138.34
137.93
135.42
137.03
139.53
141.75
141.16
143.02
140.44
142.16
141.85
142.87
137.49
135.47
133.72
133.59
135.29
134.48
133.32
138.83
139.06
139.23
136.58
136.73
133.57
134.57
136.71
134.44
134.47
131.05
128.8
125.97
121.98
121.51
121.97
120.42
121.63
123.24
123.62
123.32
123.81
123.99
124.88
122.51
122.55
123.77
124.29
123.1
122.24
120.97
121.97
122.2
121.37
122.68
120.29
118.25
119.51
117.66
117.11
118.55
117.58
115.35
116.11
113.02
109.16
108.54
109.04
104.09
103.85
102.42
102.6
102.84
103.08
103.71
105.16
106.14
107.83
108.98
107.09
107.72
107.74
109.43
110.36
111.17
111.48
111.42
111.54
110.73
111.07
110.47
110.44
109.45
109.57
108.83
107.53
107.22
107.29
107.65
108.71
109.61
110.21
110.26
109.14
109.83
110.14
108.3
107.2
107.28
107.6
108.87
109.69
109.96
111.24
109.61
108.99
109.63
110.12
110.09
111.86
112.04
111.68
111.88
112.66
113.11
114.4
114.79
114.89
114.59
114.89
115.84
116.71
118.01
118.22
119.17
119.42
118.38
119.47
118.68
117.67
117.46
116.82
116.44
116.14
117.26
118
119.26
118.64
117.19
115.72
115.44
116.7
116.81
116.35
115.83
115.99
116
116.22
115.46
115.36
114.73
115.12
113.79
111.96
112.27
112.3
111.94
113.21
112.97
113.55
112.77
110.61
110.3
109.08
109.28
109.45
108.61
109.36
109.41
108.83
107.34
109.34
109.88
110.92
112.68
113.31
113.11
113.21
113.47
111.51
111.59
113.22
113.82
113.69
114.06
114.38
114.43
114.66
113.68
114.63
117.26
116.42
116.48
118.01
117.78
120.4
118.92
115.74
115.19
115.41
115.38
115.75
115.27
115.97
117.22
116.33
115.54
114.88
116.3
116.78
119.55
118.93
119.18
120.05
122.74
122.55
122.3
121.67
122.27
122.54
122.31
122.88
123.34
124
123.12
122.42
122.99
122.78
124.93
125.71
125.48
124.82
125.19
126.26
125.12
124.69
126.1
126.35
125.09
124.05
123.51
121.6
121.71
120.71
120.26
121.15
120.24
121.67
123.19
122.92
122.7
123.29
122.67
123.54
124.74
124.8
124.2
121.89
119.06
119.45
119.29
118.16
118.6
119.64
120.1
120.28
118.98
119.19
119.71
118.8
120.78
121.21
121.45
122.31
121.31
119.39
119.51
119.36
117.08
116.18
115.94
115.53
112.77
115.01
115.65
116.68
117.24
116.26
117.15
118.87
119.77
120.66
121.61
120.14
118.4
117.98
120.07
121.24
123.49
123.02
122.79
124.08
123.51
124.96
125.13
125.5
129.23
130.69
130.49
130.11
131.22
132.49
133.51
133.4
133.85
132.54
131.75
132.64
132.67
131.18
130.48
130.92
130.01
129.16
129.14
129.9
128.46
127.4
127.13
128.34
128.72
130.76
130.34
130.23
129.65
129.64
129.37
129.3
128.32
128.24
127.37
128.64
129.77
131.21
131.89
132.56
132.81
132.66
133.35
131.95
132.27
131.64
133.32
132.15
133.61
133.49
133.75
132.32
131.97
132.24
132.22
130.96
130.71
130.62
132.41
132.59
133.45
133.77
132.77
131.33
131.75
132
132.09
132.54
132.17
131.28
130.55
130.72
129.71
131.66
131.67
130.78
130.32
130.67
132.72
132.81
133.05
134.33
135.48
135.14
133.94
134.14
134.23
135.45
134.7
134.17
132.68
133.15
134.51
134.67
134.31
133.91
133.93
135.49
136.32
136.57
136
134.28
134.65
136.27
137.11
134.67
135.69
134.08
133.46
134.22
133.92
134.68
133.11
133.19
129.95
130.46
131.12
129.85
129.93
130.86
130.56
132.01
131.27
130.1
128.52
127.39
127.35
126.58
126.61
128.48
127.81
126.98
127.48
128.24
129.24
129.27
130.6
129.63
128.59
128.46
126.91
129.55
130.24
130.34
131.12
129.84
130.23
130.26
131.36
131.65
134.37
134.77
134.22
133.47
133.29
133.52
133.48
133.06
135.08
138.12
137.97
136.34
135.76
135.33
135.03
136.57
135.88
135.3
135.78
133.7
133
132.89
130.6
129.45
129.23
127.36
128.26
130.48
130.61
134.03
136.48
136.71
136.97
137.21
140.52
140.17
139.33
138.31
139.11
140.4
139.06
139.7
137.75
137.15
136.49
134.59
131.26
129.48
129.18
128.91
131.33
129.04
127.47
126.29
127.91
128.05
127.88
129.85
129.53
131.92
131.84
132.61
131.52
132.22
133.7
132.02
132.03
130.29
131.04
131.65
131
131.73
129.33
128.09
127.13
125.46
123.54
126.35
128.72
130.37
129.43
130.4
129.25
128.4
128.87
126.74
125.67
125.54
125.66
124.81
124.07
123.31
124.88
125.42
126.12
123.74
122.38
122.08
123.52
124.84
125.16
126.02
125.46
123.77
122.6
123.39
125.72
125.25
123.28
123.79
124.78
123.61
123.3
121.55
120.74
120.98
121.21
121.67
122.23
122.4
121.43
120.78
121.79
121.93
122.19
122.51
122.04
121.44
119.63
119.3
120.01
117.84
116.95
117.98
117.84
118.29
117.46
115.68
114.93
114.24
116
116.19
116.72
115.14
114.51
114.06
114.66
116.26
116.03
116.09
115.81
115.52
116.02
114.66
113.71
113.2
112.78
112.61
110.51
110.76
111.24
110.27
112.06
111.4
110.62
109.01
107.72
107.62
107.67
107.35
106.99
106.85
106.3
104.78
104.72
106.13
107.18
106.25
106.38
105.58
105.46
106.29
105.86
105.64
105.16
104.4
103.73
103.43
99.8
100.55
101.05
101.54
102.63
102.84
103.79
104.08
103.11
101.2
100.19
102.15
102.68
102.18
102.09
100.68
98.22
98.68
99.19
99.28
102.31
103.12
104.31
104.1
102.26
105.43
105.62
106.87
107.78
106.51
106.9
108.65
111.13
112.78
112.5
113.66
112.35
112.38
113.98
113.33
115.04
115.28
116.47
114.6
115.41
116.72
118.44
117.9
117.12
117.95
116.28
115.72
114.66
114.37
115.12
114.16
115.2
114.07
114.85
113.61
113.7
113.44
111.51
112.1
111.07
110.7
111.05
111.14
110.38
109.92
109.89
109.05
108.95
106.81
106.52
105.22
105.76
107.94
107.84
107.96
107.78
107.66
107.59
108.26
108.2
108.3
109.33
108.92
107.67
107.52
107.49
107.67
107.52
108
107.25
106.79
105.83
106.16
106.81
106.77
106.38
106.8
104.67
103.89
103.69
104.23
103.79
104.13
103.39
102.94
103.51
101.51
100.3
99.87
101.2
101.82
102.51
102.57
101.82
102.67
100.71
100.57
100
100.44
100.28
100.71
101.6
103.61
103.39
103.19
103.36
104.49
105.05
105.3
106.63
109.88
111.27
110.17
109.59
109.59
108.56
109.32
110.21
109.96
109.68
109.61
110.47
110.51
108.28
108
108.84
108.76
107.85
107.82
107.51
108.17
107.66
106.85
106.4
107.44
109.32
109.02
109.02
109.02
109.14
108.6
108.63
108.99
108.91
108.83
108.3
108.09
108.25
107.52
107.42
106.4
105.49
105.98
105.65
104.3
104.04
104.1
104.17
103.81
103.15
103.1
103.1
103.08
101.97
101.59
101.82
101.61
101.69
101.83
102.74
102.32
102.69
103.64
104.2
104.47
103.62
102.43
102.09
101.99
102.91
102.8
102.27
101.66
102.09
102.64
102.09
101.63
101.58
101.56
102.09
102.2
102.31
102.85
101.91
101.49
101.79
101.3
100.62
99.32
99.17
99.08
99.11
100.05
100.22
99.93
99.89
100.51
100.14
99.93
99.94
98.42
98.14
98.06
98.52
98.52
99.46
99.17
99.02
100.69
101.81
101.72
101.68
101.76
101.8
102.01
102.5
102.2
101.57
101.23
101.28
101.7
101.24
101.12
102
102.31
103.34
102.87
103.18
103.26
102.65
102.4
100.9
101.59
102.03
102.12
102.48
101.04
101.6
101.67
101.25
100.5
101.06
100.69
99.86
99.71
99.84
99.67
99.54
99.58
98.44
97.87
98.06
96.97
96.9
96.28
96.13
97.67
97.78
98.33
99.07
99.42
98.67
98.73
98.87
98.93
98.2
97.87
97.65
97.16
98.05
98.09
99.5
99.96
99.93
101.05
101.55
101.86
101.19
100.16
100.6
99.9
99.75
99.72
99.48
99.46
100.69
99.93
99.1
98.77
99.33
98.8
99.13
98.58
97.8
96.73
96.11
96.28
96.66
97.52
96.31
94.71
94.68
94.24
93.44
95.33
96.04
96.06
96.59
97.11
96.63
97.08
97.49
97.44
96.15
96.28
94.7
93.75
95.15
95.99
95.79
95.48
95.01
95.25
94.42
93.71
92.71
92.49
93.13
94.77
94.42
94.45
93.85
95.19
96.18
95.61
96.85
93.15
95.06
94.59
96.03
97.31
97.49
98.18
97.95
99.33
100.49
101.26
102.61
104.66
104.88
105.39
104.46
104.59
103.52
103.27
103.06
102.6
102.96
102.54
101.96
101.66
102.62
101.86
101.84
101.9
101.73
102.53
103.21
104.12
105.1
106.34
106.99
106.98
106.79
105.42
105.38
104.49
103.68
103.29
103.5
103.39
103.96
104.9
105.08
104.91
104.31
103.89
104.73
105.08
104.65
103.85
103.97
103.96
103.66
104.5
104.01
103.55
103.92
103.51
102.92
100.66
100.68
100
99.54
99.08
98.44
97.72
97.75
98.03
98.12
96.87
97.78
97.58
96.25
96.24
95.93
95.27
94.89
94.32
94.27
95.09
95.53
95.57
95.4
94.98
94.6
95.85
96.24
96.01
96.51
97.49
97.42
98.34
99.48
99.57
99.55
99.93
100.21
100.12
100.32
99.95
98.14
97.35
97.24
96.86
96.58
96.8
97.08
98.05
99.09
98.12
98.62
99.6
99.35
98.76
98.07
97.2
95.92
95.9
96.19
96.53
95.93
96.26
97.25
97.67
96.83
95.86
96.82
96.64
95.77
94.34
94.54
93.86
93.43
94.45
92.92
90.98
90.11
90.25
90.49
90.17
89.79
89.64
88.86
88.46
89.21
89.41
89.64
89.5
88.87
89.36
89.47
89.79
90.82
90.2
89.51
89.12
89.35
88.95
88.88
87.89
87.84
87.36
86.9
87.45
87.32
87.19
87.04
87.72
88.49
87.64
87.56
87.59
87.96
88.08
88.83
89.04
89.86
90.08
90.3
90.83
90.33
89.5
89.62
90.13
89.93
89.25
89.34
88.58
88.58
89.39
89.25
89.24
89.89
90.09
90.56
89.88
89.43
89.69
89.82
89.74
90.17
90.64
91.62
92.74
93.52
93.82
95.1
94.94
94.75
94.69
94.69
93.8
93.05
92.5
92.69
93.4
93.55
94.03
93.56
93.63
93.65
92.96
92.78
92.83
94.27
94.67
94.69
94.83
94.55
96.04
96.69
96.49
96.09
95.25
95.33
95.16
95.45
95.93
95.32
95.98
94.71
92.98
92.46
92.29
91.58
90.76
90.71
91.35
92.34
92.61
92.34
92.1
91
91.63
92.32
92.67
92.38
93.46
93.47
93.56
93.46
94.04
94.93
95.75
95.97
96.05
95.68
96.03
96.74
96.53
95.85
95.31
95.24
95.38
95.04
95.09
95.1
95.89
95.85
96.48
96.8
96.55
96.09
96.03
96.37
97.28
98.01
97.71
97.45
96.83
96.77
96.38
96.92
96.06
96.15
97.23
97.62
97.79
97.51
97.68
97.74
97.73
98.18
97.88
98.16
98.92
98.05
97.99
98.76
98.74
98.37
98.5
99.12
98.85
98.79
98.64
100.27
100.85
101.67
101.59
101.73
101.79
100.95
100.18
99.59
99.45
99.55
99.79
99.93
99.58
100.09
100.1
100.48
100.11
100.14
100.98
101.19
100.62
100.46
100.74
100.42
99.97
99.85
99.61
99.86
98.74
98.46
98.14
98.2
97.73
97.23
97.69
96.74
96.93
96.12
96.27
97.01
96.77
97.67
98.15
99.45
99.88
100.3
99.77
99.47
99.03
98.73
98.78
99.47
99.18
99.49
100.11
99.96
99.43
98.93
98.44
98.2
97.96
97.11
97.15
98.44
99.75
100.4
100.07
100.54
101.04
101
100.16
100.15
98.88
98.35
97.91
98.01
98.23
99.21
98.42
98.54
99.69
99
99.06
99.7
100.2
101
101.31
101.86
102.08
102.17
101.98
101.42
100.65
100.67
100.1
100.87
101.25
101.2
100.88
100.39
100.66
99.82
99.48
99.6
100.19
100.49
100.49
100.92
101.5
101.04
100.74
100.22
100.82
100.73
101.6
101.89
101.88
101.85
102.36
102.54
102.03
101.93
101.79
102.34
103.13
103.25
103.32
102.97
103.85
103.32
103.73
104.01
104.2
103.4
104.12
105.2
105.01
105.02
104.76
105.7
107
107.46
106.88
106.34
106.77
106.06
104.84
104.71
104.22
103.65
104.26
104.8
105.14
105.07
104.63
104.7
104.51
104.08
103.49
103.56
102.76
102.12
102.49
102.1
102.44
103.15
102.41
101.96
102.59
101.92
101.89
100.61
100.04
99.9
99.24
99.64
98.81
99.32
99.6
100.82
102.41
101.92
103.1
102.9
101.61
101.76
101.06
100.07
99.96
100.77
101.74
101.45
101.47
100.88
100.85
102.12
100.81
101.64
102.56
103.54
102.97
103.23
104.03
104.17
105.24
105.37
105.92
107.27
106.8
106.92
107.46
107.83
106.32
106.27
105.34
104.25
103.94
104.29
104.65
104.4
104.94
105.03
104.3
103.92
104.06
102.91
102.07
101.48
101.32
102.03
101.27
101.96
102.37
103.39
104.56
104.8
104.43
104.25
104.22
104.06
104.41
103.49
103.79
103.85
104.43
104.14
103.19
103.44
102.93
103.05
103.48
104.07
104.06
103.93
103.82
103.72
104.29
104.68
105.2
105.95
105.67
105.9
104.98
103.98
103.83
103.54
104.11
103.59
104.28
103.86
103.43
103.72
103.79
103.25
103.47
104.28
103.76
103.61
102.01
101.46
101.95
100.92
99.56
98.74
98.8
98.63
99.15
100.13
100.22
99.85
100.18
99.38
99.34
99.49
99.44
101.26
102
101.18
101.26
101.09
101.34
102.16
102.77
102.95
103.1
101.88
101.16
100.88
101.46
100.92
101.64
102.13
102.13
101.86
102.43
102.29
102.98
103.32
102.87
101.44
100.67
100.31
101.05
100.2
100.35
101.28
102.21
103.36
103.51
102.25
102.24
102.77
102.01
102.41
102.85
102.85
103.42
102.24
100.71
100.58
100.45
100.86
100.92
99.8
100.86
101.89
100.94
100.58
100.19
99.11
98.92
99.98
100.58
100.02
99.71
100.11
101.69
102.03
101.61
102.1
101.41
99.85
99.05
99.67
100.25
100.77
100.47
99.62
99.46
100.39
101.91
101.18
100.87
100.86
100.11
98.53
99.07
99.68
99.21
98.04
98.24
98.86
98.32
97
96.61
97.13
95.57
96.33
94.95
94.58
93.95
93.53
92.58
90.9
90.19
89.77
90.13
90.25
89.46
88.73
88.14
88.8
89.43
89.15
88.93
88.09
87.83
87.8
88.08
87.3
87.07
86.82
87.84
87.6
89.33
90.67
91.24
90.94
90.71
89.7
89.53
89.64
89.98
91
91.46
90.97
91.04
91.19
89.87
89.34
89.33
89.55
89.15
88.51
88.09
89.04
89.31
89.39
90.51
89.73
89.83
91.24
90.71
90.56
89.82
88.86
89.37
89.23
89.28
89.46
88.21
88.37
87.94
86.77
86.88
85.95
83.82
82.93
83.87
85.03
86.19
85.64
85.74
84.94
85.07
85.88
84.06
82.37
82.09
82.88
83.3
83.45
83.79
84.6
85.89
85.62
86.2
86.03
85.48
86.88
86.4
84.43
83.96
85.06
84.28
83.07
83.22
84.95
86.2
86.36
85.6
85.97
87.12
86.55
86.02
86.3
86.25
86.23
87.15
87.99
88.75
88.83
88.19
88.69
89.29
90.07
90.18
91.45
92.44
93.2
93.63
94.61
95.61
95.19
94.66
94.81
94.8
93.39
93.54
94.36
94.18
94.85
95.19
94.81
94.81
94.62
94.19
93.62
92.61
92.02
90.39
90.58
91.46
90.52
90.08
90.55
90.44
91.21
92.48
92.69
92.6
92.89
92.58
91.15
89.68
89.71
90.34
90.58
89.39
89.06
90.07
90.53
90.43
91.41
92.27
91.58
90.61
90.53
89.56
89.08
88.64
90.08
89.22
88.1
87.3
85.64
86.23
86.62
86.04
86.12
87.09
87.23
86.3
87.25
86.6
86.3
85.6
84.18
83.77
82.84
80.99
80.35
80.88
81.51
82.43
82.64
83.36
83.85
83.59
82.06
81.42
83.39
83.61
84.34
85.13
86.01
84.76
83.74
83.59
84.36
84.95
84.3
83.69
83.9
83.56
83.03
81.59
80.77
80.37
79.53
81.44
82.62
82.21
81.44
80.93
81.5
81.01
79.92
78.58
78.36
78.63
78.56
78.95
77.61
77.82
76.98
76.21
77.26
76.03
75.37
72.98
72.07
71.74
70.7
71.08
70.96
72.05
72.14
71.68
72.31
72.61
71.17
70.04
71.02
71.07
70.71
70.23
68.56
67.16
67.14
67.44
66.88
65.96
66.91
67.65
67.9
67.58
66.46
67.07
67.45
67.67
67.28
65.6
65.01
66.13
67.41
67.17
68.11
69.97
69.94
69.47
68.83
68.9
68.18
67.9
68.2
69.27
71.91
73.06
73.35
73.67
75.15
74.91
75.21
74.75
75.11
73.08
73.88
73.9
74.31
72.83
70.09
70.12
70.22
71.03
73.13
73.5
72.28
71.17
70.33
71.44
72.74
71.14
69.79
67.82
64.84
64.95
62.34
62.28
63.38
63.39
63.54
64.94
66.46
67.57
68.02
69.42
70.14
70.09
67.72
67.38
66.26
65.2
66.71
68.55
69.24
69.72
71.42
70.87
68.69
70.52
72.15
69.99
70.76
70.94
72.16
71.55
72.8
73.51
74.95
74.57
75.67
76.3
76.73
78.49
79.75
80.86
81.57
82.65
80.52
79.29
78.59
78.75
79.31
80.5
80.94
82.4
83.98
84.99
84.65
83.81
83.54
83.78
83.7
82.81
83.78
83.15
79.89
79.99
81.48
81.09
83.66
84.25
84.3
86.02
86
86.31
87.61
88.98
87.69
87.46
88.21
88.84
89.45
90.04
91.3
92.34
92.06
92.28
93.1
92.55
91.96
90.31
90.14
89.1
87.28
87.43
86.89
88.37
88.58
87.29
87.09
87.91
87.86
88.21
89.72
90.45
90.69
90.66
91.47
92.96
91.64
91.46
91.12
91.29
92.09
92.22
90.31
90
90.18
89.57
90.3
91.81
93.38
93.75
94.78
94.36
93.66
92.05
92.12
92.4
92.61
92.03
93.01
94.33
94.33
93.35
93.25
93.98
94.82
96.59
97.95
97.64
97.27
97.34
97.57
97.23
98.05
99.28
99.65
99.74
99.15
98.88
97.78
96.94
97.98
97.32
95.53
95.53
96.22
96.4
96
95.03
95.39
94.71
93.44
92.12
92.27
90.95
90.98
90.94
90.66
92.33
93.3
93.26
93
93.29
95.32
96.57
97.06
96.01
96.09
96.63
96.82
97.07
96.55
95.4
95.56
97.3
95.67
94.23
93.42
93.66
92.39
93.42
96.12
98.07
98.9
99.8
97.68
97.55
97.54
97.74
95.74
92.9
93.54
94.55
94.82
94.74
92.75
93.29
92.38
93.57
96.04
97.95
96.51
94.42
92.16
93.59
93.9
95.96
97.31
97.65
95.7
96.58
99.44
99.76
98.66
100.71
103.88
102.43
102.45
104.36
104.44
105.3
107.02
105.8
104.96
105.52
107.07
107.69
108.29
109.33
111.15
111.38
110.5
110.27
109.75
109.16
110.22
110.01
109.97
110.19
110.05
111.44
111.09
109.22
110.13
110.23
109.85
108.41
108.78
108.79
108.21
108.43
109.08
108.83
108.05
107.36
107.2
106.76
105.88
103.77
104.15
104.44
103.36
103.06
103.22
103.85
104.76
105.15
104.64
104.51
104.25
103.88
104.03
103.02
102.42
101.62
101.91
100.53
100.89
101.61
102.31
102.29
103.01
102.71
103.71
104.77
105.61
105.55
106.55
106.73
106.49
106.67
106.83
108.22
109.25
109.59
109.85
109.64
108.14
107.52
107.14
106.55
106.35
105.72
105.67
104.09
105.5
105.8
103.52
102.14
101.28
101.78
101.87
102.9
104.26
104.69
103.62
103.3
102.25
103.7
103.21
104.44
103.99
103.6
105.1
106.4
107.6
108.29
106.7
107.03
105.84
104.31
104.62
102.97
103.93
104.95
105.91
107.51
107.94
107.14
104.07
103.58
102.73
103.86
105.56
106.43
106.57
105.9
108.17
109.54
110.44
111.25
110.53
111
110.22
108.43
107.1
106.97
107.23
108.89
108.34
109.99
111.57
112.17
111.54
110.94
111.44
112.08
112.58
112.68
112.21
110.86
109.28
108.52
108.77
109.24
110.18
111.52
112.71
111.62
111.56
109.84
108.88
108.84
110.49
111.95
112.17
113.54
114.12
114.98
114.48
113.86
113.79
114.23
114.45
114.1
112.68
112.28
111.05
111.68
110.9
112.19
113.16
114.44
114.69
115.4
114.98
114.45
115.1
116.78
116.06
114.68
113.16
113.66
114.45
114.23
114.35
114.76
116.03
115.83
116.01
116.45
116.73
118.22
118.21
118.78
118.85
118.68
118.14
118.44
119.3
120.24
119.43
119.73
119.85
119.87
119.4
119.57
119.1
118.05
116.93
116.3
115.83
115.11
115.95
116.34
116.9
118.26
118.24
118.56
118.66
119.12
118.86
118.6
118.01
117.58
117.77
117.38
116.67
116.52
116.47
116.72
117.27
116.9
116.21
115.53
115.49
115.13
114.5
114.95
113.9
113.73
113.5
113.35
113.98
114.22
113.23
112.67
111.58
110.59
110.62
110.99
110.72
110.81
110.35
109.24
108.05
108.19
107.5
106.77
107.92
108.6
109.5
109.99
109.9
109.62
108.89
110.09
110.3
110.16
110.55
110.35
109.66
108.12
108.05
108.52
108.43
108.6
108.55
108.61
108.81
108.93
108.9
108.47
109.51
110.15
110.29
110.55
111.23
111.51
111.09
110.57
110.41
110.23
110.67
111.02
112.26
112.41
111.72
111.76
111.34
111.66
112.06
112.55
111.95
111.05
110.86
110.69
110.61
110.43
110.14
109.29
108.4
107.39
107.38
107.28
107.53
107.6
107.92
106.66
105.81
106.14
105.83
105.88
106.8
106.28
106.89
107.32
108.11
108.69
109.04
108.1
107.49
107.14
106.82
107.02
107.37
107.48
108.27
108.68
108.79
108.56
108.11
108.36
108.44
108.39
107.55
107.01
106.86
107.28
107.65
108.21
108.82
109.73
109.69
109.53
110.35
110.66
110.46
110.31
109.78
109.69
108.98
107.94
106.89
106.66
106.86
106.38
105.77
105.42
104.74
106.14
106.63
106.25
105.99
106.08
106.69
107.67
107.05
106.89
107.12
108.19
108.89
109.04
109.2
109.77
109.51
109.84
109.91
110.18
109.76
109.45
109.62
109.53
109
108.12
107.48
107.2
106.49
107.17
107.3
107.52
107.75
106.84
106.69
107.59
107.92
107.5
107.75
107.61
107.33
108.38
108.94
108.96
108.87
108.77
107.94
107.32
107.35
106.57
106.19
106.18
105.45
105.38
105.29
105.28
105.59
105.62
105.03
104.59
105.08
105.59
105.55
104.74
104.54
104.86
104.64
104.68
104.01
103.94
104.16
103.5
102.5
102.7
102.57
103.65
103.88
103.88
104.05
103.7
103.39
102.99
103.59
103.65
103.32
103.47
103.51
103.06
102.09
101.67
102.09
101.78
102.21
101.95
100.95
100.74
101.18
101.8
101.55
100.26
99.74
98.54
97.67
97.97
97.69
96.96
96.92
96.87
96.51
97.06
95.84
95.44
93.99
93.41
91.94
90.33
90.16
90.79
91.61
92.13
92.85
92.71
91.81
92.12
92.12
93.41
94.46
94.39
94.46
94.79
94.91
93.18
92.8
94.23
93.96
93.79
94.74
95.1
95.57
95.6
95.65
97
97.35
97.79
98.13
99.03
99.57
99.21
99.36
100.02
99.82
99.11
99.21
98.93
98.34
97.9
97.88
97.62
98.15
98.38
98.47
99.34
99.68
99.96
99.66
99.77
99.34
100.07
100.42
100.8
101.34
101.15
100.69
99.29
99.07
99.03
99.52
100.48
100.24
100.41
100.4
99.25
98.33
98.16
98.6
99.99
98.76
95.69
96
94.66
93.54
93.53
94.25
94.09
93.89
94.51
95.96
95.58
96.02
97.07
97.78
98.14
98.94
99.11
99.28
99.32
98.93
99.11
99.28
99.22
99.5
100.82
100.69
100.34
100.04
99.76
99.78
99.78
98.7
98.82
97.74
97.99
98.13
98.41
97.59
97.87
98.97
100.5
100.52
100.32
100.22
101.07
100.64
100.29
100.32
101.09
101.3
101.01
100.96
100.2
99.63
99.4
99.59
99.47
100.13
100.99
101.31
101.07
100.83
100.69
102.21
102.69
102.9
102.62
102.36
102.87
103.23
103.78
103.79
103.29
103.95
104.63
104.77
104.59
103.94
104.05
103.56
103.36
103.61
104.01
103.49
103.52
103.37
102.98
102.88
102.1
101.98
101.51
100.79
100.56
100.39
100.31
100.26
100.03
99.95
99.61
99.62
100.28
100.62
101.01
101.19
101.12
101.21
100.71
99.57
99.39
99.3
99.46
99.38
98.96
97.92
96.95
96.98
97
96.75
96.96
96.73
96.09
95.72
96.74
97.56
98.2
98.66
98.43
97.91
97.39
97.51
97.45
96.93
96.62
96.63
96.43
96.42
95.88
95.21
94.89
95.59
95.28
94.88
94.19
93.78
93.76
93.41
93.03
92.8
92.56
92.72
91.98
92.19
92.38
92.35
91.8
91.15
92.15
92.27
92.08
91.09
90.61
90.1
90.04
89.94
90.22
90.04
89.72
89.66
89.8
90.26
89.92
89.54
89.47
89.94
89.46
88.9
88.48
87.47
87.2
85.93
85.09
84.78
84.24
83.72
82.91
82.79
83.47
83.24
83.37
84.15
85.03
84.79
84.67
84.22
84.1
84.39
84.22
83.51
83.25
83.36
83.43
83.12
83.31
83.77
83.38
83.66
83.64
83.15
84.28
84.65
84.19
84.06
84.17
85.08
85.95
86.89
86.85
86.47
85.16
84.32
84.3
83.86
83.91
82.83
81.66
81.91
81.86
81.91
82.62
82.29
81.79
81.36
82.07
82.52
82.3
82.79
83.04
82.83
82.09
80.96
80.95
81.52
81.86
81.08
81.21
81.12
80.99
79.24
77.84
76.96
76.2
75.33
75.18
74.76
75.42
75.82
76.2
77.28
77.08
77.18
77.19
77.02
78.05
78.07
78.04
77.77
77.65
77.82
78
77.03
76.98
77.79
77.69
76.34
75.23
74.42
74.55
74.45
74.06
73
71.23
71.78
72.92
72.94
72.72
72.89
73.47
74.02
73.97
74.76
76.64
77.05
76.51
76
76.15
74.58
73.88
74.45
75.48
76.25
76.29
76.17
77.36
78.52
77.84
77.84
76.55
74.61
72.77
69.29
70.25
72.25
72.16
73.52
75.46
76.96
76.9
75.44
76.53
77.85
78.6
79.44
79.83
79.47
78.6
79.37
81.44
81.52
81.81
80.27
81.46
82.77
83.04
84.27
85.38
85.83
85.67
85.88
86.73
86.89
87.64
88.24
88.53
88.49
88.52
88.76
89.39
89.79
90.07
89.63
89.63
89.92
89.77
87.98
86.99
87.06
87.42
87.54
87.29
86.91
87.86
88.33
88.69
88.75
88.51
89.44
90
90.04
90.23
89.71
89.5
88.9
89.35
87.99
88.03
87.76
87.44
86.37
86.47
86.54
86.73
86.94
86.1
87.01
86.33
85.9
86.24
86.77
85.75
85.02
85.69
86.79
87.62
88.17
89.37
90.04
89.95
89.83
89.65
90.92
91.68
91.65
91.92
91.7
92.4
92.68
92.63
92.82
93.46
93
92.06
91.6
91.25
91.89
91.18
90.23
90.58
91.38
90.61
89.2
89.72
90.54
90.81
90.52
90.48
90.55
90.84
91.73
91.95
91.65
92.65
93.22
93.81
93.27
92.94
93.24
94.32
94.91
95.9
96.39
96.41
97.07
97.42
97.89
98.07
98.33
98.26
97.67
97.64
97.21
97.15
97.12
96.93
96.81
97.66
97.97
98.12
97.46
97.83
97.2
96.46
96.26
96.37
95.72
95.7
94.55
93.56
93.03
92.67
93.09
93.38
93.19
93.24
92.52
93.12
93.41
94.16
94.77
95.5
95.63
95.63
95.19
94.9
94.76
94.95
94.87
94.13
94.22
94.95
93.38
92.7
93.64
94.2
94.98
95.54
95.51
94.89
94.49
94.3
94.93
95.92
95.35
95.07
95.07
94.57
94
93.34
92.7
92.63
93.36
93.94
93.99
93.92
93.41
92.99
93.47
91.83
89.93
89.48
90.21
92.06
92.8
93.12
93.52
94.95
95.76
95.18
94.24
94.55
95.77
95.38
96.88
97.63
99.03
99.61
98.94
98.08
97.71
97.33
97.25
97.01
97.32
96.23
96.67
97.24
97.81
97.95
98.32
98.65
98.26
99.05
100.42
101.2
102.12
102.76
102.59
102.63
102.94
103.46
103.26
103.57
104.36
104.59
104.6
104.47
104.04
104.97
105.94
105.85
106.16
105.34
104.89
105.05
105.1
104.67
104.86
104.37
104
103.51
103.69
102.79
102.03
101.72
101.27
100.8
100.78
100.56
101.24
100.78
100.63
101.53
101.57
101.65
101.55
101.02
100.14
99.89
100.68
100.78
101.42
101.51
101.1
100.39
99.66
99.5
99.63
99.84
99.21
98.49
98.25
98
98.39
99.05
99.32
98.99
98.65
98.7
99.71
99.32
98.38
98.13
98.14
98.45
97.98
98.6
99.79
100.65
101.4
102.44
103.61
103.71
103.63
103.65
103.53
103.54
103.2
102.92
102.89
103.01
102.55
102.51
102.41
102.4
102.38
102.43
101.98
101.63
101.69
102.03
102.18
101.62
101.13
100.44
100.93
101.22
100.8
101.22
102.47
103.99
103.93
103.86
103.8
104.74
105.15
105.04
105.21
106.34
106.97
106.66
107.1
107.58
107.32
107.39
107.66
107.93
107.67
108.02
108.12
108.37
107.76
107.26
106.48
106.3
105.97
106.14
105.92
105.78
105.2
105.13
104.62
103.95
103.5
103.27
103.1
103.06
103.41
103.3
103.9
104.2
103.84
104.57
104.99
104.82
104.01
103.53
103.32
103.18
103.29
103.74
103.7
103.71
103.22
102.86
102.67
102.31
102.36
102.59
102.24
101.66
101.59
101.5
101.24
100.86
100.52
100.73
101.23
101.2
100.74
100.02
99.32
98.86
98.74
98.81
98.94
98.69
98.7
98.96
99
98.68
98.07
98.53
98.01
97.01
97.04
97.25
96.85
96.63
97.28
97.74
97.65
98.34
97.94
99.21
99.33
100.46
101.44
101.7
102.26
102.34
102.39
102.23
101.94
100.91
99.74
99.4
99.58
99.98
100.08
100.39
100.66
101.51
99.99
100.13
101.13
101.25
101.66
101.41
101.27
100.65
99.89
100.38
99.99
98.68
97.92
97.62
96.99
97.15
96.97
97.18
96.93
96.45
96.9
97.6
98.07
98.12
98.19
98.5
98.39
98.91
98.9
98.35
98.66
98.59
97.97
97.46
97.97
97.21
96.62
96.92
96.62
95.32
95.85
97.08
96.81
96.62
96.59
96.53
95.67
94.95
93.29
93.84
93.47
92.64
92.48
90.2
89.57
89.66
88.93
88.33
88.42
88.33
88.98
88.99
89.59
89.1
88.32
90.03
90.23
90.13
89.03
89.1
89.26
87.72
87.92
89.11
89.36
90.08
90.53
90.18
90.89
91.24
91.24
90.31
89.96
90.3
90.14
89.07
89.86
90.9
92.06
91.9
91.87
92.27
92.56
92.24
92.89
93.35
93.45
93.3
93.17
93.66
94.03
95.24
95.56
95.64
95.82
96.42
96.72
96.62
96.52
96.5
96.62
95.94
95.36
95.67
96.11
96.47
95.89
95.91
95.26
95.2
95.38
95.15
94.63
94.77
95.03
95.47
95.34
95.01
95.12
95.42
95.53
95.64
95.23
95.1
94.5
94
94.47
94.49
94.17
93.9
93.65
93.1
91.65
92.82
92.6
91.76
91.39
91.97
92.21
91.59
91.14
91.48
91.78
92.34
92.71
93.3
94.79
94.96
94.94
94.52
94.42
94.96
95.38
95.43
95.25
95
95.25
96
95.75
96.37
96.84
97.51
97.26
96.67
96.43
96.65
96.32
96.71
96.79
96.79
96.76
97.59
97
96.75
96.13
96.17
96.53
96.27
96.2
95.99
94.99
94.54
94.36
94.33
94.39
94.21
93.68
93.64
93.07
92.88
92.64
92.7
93.09
93.61
93.74
94.25
94.78
94.63
94.55
94.77
94.64
95.15
95.53
95.78
95.69
95.58
95.83
95.66
95.78
95.37
94.75
94.49
94.35
94.06
93.24
93.73
94.04
93.85
93.65
93.5
92.75
92.74
92.42
92.4
92.48
92.05
91.69
91.32
91.36
90.91
90.64
90.85
91.31
91.3
91.64
92
91.97
92.2
92.48
92.51
92.54
92.49
92.4
92.62
92.04
91.56
91.4
90.91
90.23
88.43
89.79
90.23
89.08
90.49
90.98
91.19
90.18
91.23
91.67
92.07
92.53
92.78
93.14
92.71
93.48
93.75
93.35
93.6
94.58
94.44
94.32
93.91
93.67
93.84
94.01
93.81
93.02
93.11
92.62
92.3
92.11
91.94
91.86
91.07
90.43
89.46
88.78
88.88
88.24
89.36
89.94
89.79
89.22
89.24
90.2
90.7
90.73
90.91
90.87
90.94
90.25
90
90.2
90.25
90.09
89.19
88.35
88.43
88.89
88.53
88.27
88.16
88.1
88.29
88.16
87.68
86.78
86.46
87.41
87.45
87.34
87.4
87.89
87.86
88.27
88.17
87.58
87.63
87.36
87.72
86.95
87.18
87.36
86.73
86.43
86.61
86.66
86.16
85.81
85.85
86.51
86.39
86.07
85.82
85.79
85.24
84.31
84.53
83.91
83.47
82.81
82.81
82.18
81.6
80.55
80.38
80.33
80.37
80.61
81
81.47
81.69
81.38
80.96
81.27
81.58
81.64
82.64
82.73
83
82.14
82.05
81.72
80.84
80.24
80.13
80.08
80.45
80.42
80.71
80.85
80.21
79.67
80.09
81.26
81.8
82.37
81.69
81.37
81.94
81.89
81.38
80.73
80.81
80.56
80.88
80.81
80.2
80.24
80.23
79.58
78.9
78.42
78.19
77.84
78.05
78.68
77.47
76.6
76.89
77.04
74.91
74.53
73.2
74.05
74.69
75.1
74.9
76.56
76.31
77.11
78.1
77.86
77.67
77.94
77.71
79.04
79.59
79.99
80.08
79.13
78.32
77.91
76.29
76.05
76.37
76.96
77.42
77.7
77.1
75.86
74.53
76.41
78.06
79.07
78.11
78.24
79.62
80.16
81.18
81.63
82.74
83.17
83.02
83.11
83.49
83.75
84
83.93
83.15
82.33
82.31
83.6
83.77
84.1
83.7
83.83
85.41
85.52
85.51
86.33
86.99
87.08
86.82
86.3
86.88
87.45
87.61
87.38
87.06
85.82
85.61
84.74
84.86
85.67
86.08
86.58
86.5
86.85
86.71
86.48
86.51
86.47
86.73
87.07
86.83
86.44
85.5
84.93
84.83
85.42
86.06
85.96
86.1
86.13
87.33
87.07
87.07
86.77
86.2
85.43
85.02
85.12
83.63
84.41
85.47
86.23
87.23
87.08
86.32
87.84
87.93
89.39
89.85
90.9
91.06
91.13
91.76
91.99
92.08
92.27
92.42
92.08
91.57
91.58
91.99
91.87
91.54
91.45
91.79
91.76
91.56
91.31
90.76
89.94
89.23
88.78
89.27
89.62
89.54
89.29
89.13
89.46
89.2
88.53
88.17
87.86
87.35
87.85
88.85
88.96
88.96
88.18
88.04
89.24
89.47
89.15
90.06
91.22
91.14
90.89
91.48
91.87
92.41
92.66
93.16
93.17
93.53
93.81
93.83
94.06
93.55
93.59
93.26
92.65
92.53
92.16
92.88
93.31
93.67
93.7
93.85
93.71
93.47
93.36
93.69
93.95
93.77
93.5
93.36
93.19
93.41
93.33
93.14
93.06
92.85
92.26
92.18
92.43
92.2
91.81
91.53
91.52
92.19
92.29
92.01
91.65
92.08
92.12
92.02
91.88
91.83
91.8
91.56
91.28
91.39
90.59
91.27
91.21
91.5
91.61
91.8
92.03
91.94
91.78
91.64
92.24
92.22
92.6
92.41
92.63
92.55
92.11
91.83
91.93
92.23
92.37
92.46
92.31
92.23
92.42
92.21
92.51
92.2
91.67
91.98
91.94
91.78
91.8
91.68
91.38
91.19
91.34
91.35
91.37
90.85
90.47
90.54
90.63
90.08
89.9
89.96
90.02
90.43
90.65
90.02
89.86
90.22
89.81
90.08
90.05
90.02
89.52
89.03
89.38
89.12
88.89
88.66
88.36
88.06
87.65
87.17
87.17
87.21
87.2
87.14
86.81
86.71
86.56
86.69
86.79
86.99
87.04
86.87
86.77
86.38
86.13
85.87
85.86
86.07
85.79
85.79
85.46
85.42
85.25
84.68
84.03
83.87
84.05
84.07
83.85
84.07
84.55
85.63
85.69
85.72
85.87
85.59
85.69
85.71
85.39
84.67
84.99
85.16
84.48
84.12
82.41
81.6
83.06
83.56
84.67
85.21
85.05
85.34
85.74
85.2
84.49
84.01
85.12
84.73
85.04
85.93
86.88
87.11
86.9
87.09
88.72
88.42
87.84
88.3
88.6
88.09
88.75
89.18
89.67
89.46
89.54
90.1
90.27
89.94
89.55
89.66
89.85
89.92
89.71
89.51
89.23
89.11
88.93
89
89.04
88.89
88.88
88.78
88.3
88.46
88.51
88.15
88.24
88.04
87.94
87.56
87.04
86.55
86.5
86.53
86.53
86.32
86.16
86.2
86.03
86.2
86.84
87.09
86.93
86.83
86.84
86.81
87.02
87.13
87.24
87.21
86.9
86.54
86.69
86.83
86.8
86.98
87.26
87.4
87.25
87.43
87.2
87.17
86.64
86.21
86.05
85.77
85.67
86.07
86.17
85.54
86.46
87.24
86.95
87.29
87.57
87.63
87.55
87.58
87.56
87.48
87.23
86.94
86.86
86.74
86.52
86.6
86.63
86.49
86.21
85.84
85.84
85.61
85.4
85.37
85.26
84.89
84.63
84.23
84.75
84.3
83.81
84.07
84.15
84.15
84.33
84.38
84.29
83.9
83.55
83.22
83.45
83.66
83.45
83.46
84
84.33
84.35
84.18
83.79
83.55
84.42
85.16
85.44
85.73
86
86.28
86.18
86.22
86.03
85.65
85.21
85.19
85.08
84.84
85.19
85.23
85.16
85.14
85.18
84.86
84.73
84.69
85
85
85.14
84.94
85.1
85.18
84.93
84.83
84.25
84.79
84.96
85.24
85.22
85.04
84.8
84.79
84.74
84.36
84.08
84.18
84.24
84.28
84.21
84
83.91
83.89
83.86
83.48
83.79
83.24
83
83.22
83.45
83.1
83.05
82.87
82.76
82.56
82.31
82.18
81.83
81.99
81.7
81.32
81.44
81.91
82.07
81.94
82.32
82.4
82.36
82.35
82.41
82.17
81.76
81.78
81.86
81.34
82.09
81.96
83
83.18
83.09
82.92
82.85
83.08
83.46
83.48
83.52
83.54
83.74
84.01
83.64
83.34
83.06
83.31
83.36
83.22
83.12
83.12
82.98
82.6
82.27
81.69
81.64
81.46
81.21
81.06
80.77
81.11
80.89
80.79
80.81
80.4
79.97
79.6
79.73
79.44
79.14
78.64
79.02
78.67
79.49
79.7
80.11
80.37
80.26
80.39
80.56
80.73
80.94
80.66
80.3
80.72
81.1
80.86
80.97
81.16
80.9
81
81.15
81.06
80.88
80.47
80.17
79.46
79.7
79.9
79.35
79.75
80.38
80.49
80.54
80.5
80.55
80.2
80.09
79.99
79.77
79.85
79.7
79.75
79.74
80.02
79.94
79.7
79.24
78.98
79.14
79.19
78.98
78.79
78.93
78.92
79.3
79.38
79.32
79.14
79.14
79.08
78.95
78.59
78.33
78.31
78.06
78.07
78.22
77.97
77.8
77.62
77.87
77.68
77.68
77.62
77.55
77.47
77.46
77.48
77.52
77.57
77.33
77.05
77.18
76.93
76.75
76.88
76.97
77.04
76.7
76.63
77.1
77.08
77.11
77.09
77.03
76.62
76.41
76.56
76.55
76.64
76.36
76.22
76.24
76.28
76
75.69
75.67
75.5
75.43
75.02
74.56
74.44
74.32
73.97
73.81
74.28
74.4
74.63
74.74
74.3
74.06
73.91
73.9
73.99
73.96
74
74.28
73.8
73.62
73.66
73.23
72.25
72.38
69.61
71.62
72.56
71.9
71.83
72.35
72.95
73.29
73.23
73.52
73.36
73.06
72.81
73.45
73.83
74.01
73.8
74.46
74.48
74.01
73.28
73
72.96
73.38
73.32
73.26
72.97
72.4
72.3
72.27
72.2
71.87
72.6
72.7
72.85
72.83
72.3
72.22
71.7
72.13
72.27
72.89
73.3
72.96
73.3
73.22
72.8
73.12
73.07
73.17
73.15
73.2
72.99
72.58
72.84
73
72.64
72.66
72.5
72.16
72.04
71.52
71.91
71.76
71.54
71.29
71.38
71.44
71.49
71.38
71.07
70.79
70.59
70.48
70.02
69.96
70.17
69.71
69.3
69.07
69.13
69.24
68.67
68.54
68.26
68.28
67.91
67.9
68.35
68.49
68.93
69.14
69.2
69.64
69.76
69.89
70.04
69.74
70.22
69.94
69.46
68.86
69.37
69.07
69.41
70.04
70.2
70.25
70.01
70.09
70.02
69.95
70.25
70.23
70.41
70.03
69.94
70.41
70.58
70.53
70.7
70.69
70.8
70.33
70.01
69.87
70.02
70.1
70.14
70.14
69.96
70.29
70.25
70.43
70.21
70.48
70.52
70.35
70.01
69.44
69.53
70.03
70.17
69.97
69.8
69.65
69.7
69.76
69.72
69.53
69.3
69.23
68.89
68.92
69.14
69.09
68.77
68.29
68.45
68.52
68.28
67.85
67.36
66.84
66.85
66.57
66.58
66.68
66.4
66.21
66.19
65.85
65.95
65.47
65.61
65.93
65.6
65.91
65.67
65.51
65.33
65.26
64.85
64.74
64.72
64.1
64.29
65.01
65.47
65.46
65.92
65.83
66.2
66.52
66.41
66.35
66.15
65.83
65.76
66.17
66.17
66.4
66.11
66.17
66.31
66.2
65.85
66.23
66.24
65.92
65.75
65.62
65.44
65.28
65.18
65.13
64.67
65.11
65.2
64.85
64.71
64.59
64.74
64.12
64.13
63.72
62.69
63.1
62.96
62.93
63.02
62.63
62.64
62.82
62.58
62.07
62.37
62.57
62.42
62.63
62.32
62.27
63.06
62.93
62.39
62.64
61.94
62.26
62.41
62.12
61.73
61.36
61.54
60.81
60.45
59.82
60.16
59.97
60.16
59.46
59.59
58.78
58.32
58.71
58.35
57.75
57.12
56.52
56.54
55.72
54.54
54.69
55.21
53.49
54.96
55.59
56.34
56.89
57.08
57.27
56.95
57.05
57.24
57.2
57.07
57.07
56.7
56.16
56.1
55.49
56.27
55.77
56.15
56.96
56.63
57.69
58.54
58.95
59.03
59.08
58.89
58.7
58.84
58.59
58.45
58.38
58.36
58.12
58.56
59.12
58.68
58.66
58.79
59.55
59.58
59.7
59.78
59.12
59.37
59.01
58.64
58.66
58.25
57.63
57.55
57.57
57.51
57.36
57.75
58.12
57.98
57.75
58.23
57.83
57.2
56.77
56.46
56.36
56.8
56.81
56.42
56.2
56.78
57.83
57.83
58.03
57.73
57.2
56.55
56.17
56.81
56.49
55.86
54.75
54.41
52.6
52.32
52.45
52.68
53.59
54.78
55.54
55.74
55.89
54.33
55.5
56.34
57.82
58.45
58.4
58.39
57.57
57.27
59.38
59.63
58.08
55.5
59.47
60.62
61.11
62.34
63.59
63.82
63.93
64.27
64.29
63.1
62.65
63.57
64.26
65.17
66.02
66.24
66.53
65.99
65.7
65.24
66.3
67.05
67.71
68.46
68.53
68.59
68.27
67.9
67.6
67.9
67.9
68.41
68.56
68.31
68.84
68.91
68.49
68.81
69.37
69.55
70.01
70.04
69.7
69.89
70.45
70.4
70.51
70.66
70.85
70.94
71.06
70.91
70.6
70.4
70.42
70.19
69.69
69.78
70.01
70.16
70.2
69.96
69.89
69.76
70.16
70.32
70.66
70.41
70.59
70.74
70.42
70.45
70.46
70.48
70.58
70.42
69.96
69.88
69.81
69.26
68.84
68.17
67.9
68.13
68.35
68.4
68.29
68.81
68.75
68.39
68.32
69.07
69.47
69.61
69.37
68.96
69.15
69.12
69.66
70.64
71.13
70.96
71.55
71.69
71.65
71.02
70.91
70.86
71.12
71.26
71.76
72.01
71.98
72.53
72.64
72.39
72.04
71.7
71.99
71.93
72.01
71.78
71.32
71.7
71.75
71.85
71.84
71.7
71.78
71.72
71.62
71.62
71.67
71.66
71.27
71.07
70.77
70.87
70.01
69.47
69.11
68.73
68.62
68.42
68.34
68.46
68.34
67.98
68.06
68
68.45
68.21
67.87
67.85
68.04
68.16
68.17
68.11
67.94
66.97
67.77
67.18
66.73
66.77
66.73
66.58
66.47
65.78
65.77
66.72
66.99
66.96
66.08
67.21
67.65
67.53
68.01
67.96
67.28
67.88
68.35
68.46
67.96
68.19
68.07
67.81
67.55
67.7
67.67
67.59
67.98
68.44
68.43
68.29
68.11
67.73
67.55
67.72
68.06
67.95
67.74
67.82
67.67
67.68
67.29
66.94
67.37
66.76
66.71
66.61
65.84
65.23
64.87
64.86
64.71
64.7
64.41
64.79
65.28
64.86
65.32
65.69
65.71
65.77
65.81
65.63
65.21
64.64
64.52
64.59
64.47
64.47
65.16
64.9
65.14
65.15
64.58
65.18
65.69
65.98
65.8
66.15
66.66
66.67
65.64
66.89
67.08
66.73
66.56
66.56
66.43
66.01
66.26
66.68
66.85
67.27
66.99
67.39
67.08
66.83
66.5
66.39
66.41
66.47
66.41
66.52
66.44
66.18
65.64
65.17
65.31
65.46
65.55
65.3
64.4
65.77
65.82
65.81
66.2
68.68
66.37
66.26
66.31
66.62
66.53
65.96
65.61
65.46
65.66
65.6
65.06
64.93
64.38
64.35
64.42
64.53
64.7
64.74
64.86
64
64.21
63.57
63.38
63.66
63.48
63.5
63.44
63.47
64.05
63.95
63.85
63.43
63.44
63.3
62.84
62.59
62.36
62.32
62.1
62.3
61.92
61.41
61.14
61.5
62.02
62.21
61.65
61.76
62.22
62.3
61.9
61.78
61.97
61.24
60.62
60.53
60.45
60.29
59.96
59.77
59.68
59.64
59.58
59.6
59.32
59.14
58.97
58.81
58.4
58.57
58.36
57.57
58.11
58.05
57.78
57.52
57.44
57.39
57.55
57.09
57.13
57.2
56.68
56.84
56.88
56.85
56.65
56.15
56.02
55.47
55.31
55.39
55.3
55.54
55.83
56.03
56.13
55.8
55.72
55.93
55.82
55.55
55.7
55.81
55.59
55.87
56.43
55.35
55.11
54.9
54.43
54.22
53.94
53.39
53.41
53.62
53.05
52.2
52.7
53.72
53.86
54.25
54.35
54.63
54.86
54.57
54.15
54.22
54.14
54.03
53.72
53.39
52.99
53.36
53.52
52.62
52.48
52.94
53.06
53.9
54.36
54.57
54.01
53.86
55.11
55.22
55.44
55.83
55.72
56.11
55.74
55.79
56.49
57
57.09
56.96
56.84
57.44
57.6
57.79
58.07
57.75
57.19
57.01
56.81
56.84
56.72
56.61
56.66
56.28
56.07
55.84
55.52
55.44
54.89
54.72
55.04
55.53
55.51
54.57
54.17
54.51
54.18
54.72
55.1
55.61
55.7
55.7
56.05
56.12
56.1
56.25
56.87
57.38
57.24
56.94
57.02
57.06
56.92
56.94
56.94
57.33
57.68
57.59
57.28
57.11
57.16
57.44
57.5
57.57
57.91
57.99
57.97
58
57.89
57.43
56.89
56.23
56.13
55.89
55.83
55.74
55.71
55.67
55.7
55.76
55.73
55.68
55.44
55.46
55.25
55.3
54.85
54.57
54.42
54.8
54.75
54.86
55.04
54.83
54.13
54.37
54.56
55.04
55.04
54.86
55.42
55.59
55.44
56.13
56.59
56.43
56.3
56.3
56.17
56.39
56.52
56.51
55.37
55.54
55.43
55.34
55.66
55.78
55.86
55.98
55.98
55.74
55.29
55.07
55.01
54.96
55.04
54.74
54.32
54.24
53.83
54.04
53.47
54.02
54.57
54.78
55.62
56.01
56.12
56.16
55.93
55.74
55.94
56.24
55.8
55.03
54.73
55.17
55.46
55.18
55.49
55.84
55.32
55.98
56.27
56.32
56.82
55.96
55.61
56.13
56.72
56.86
56.78
57.38
57.21
57.07
57.27
57.89
58.38
58.4
58.08
58.41
58.77
59.5
59.69
60.13
60.39
59.91
59.89
59.77
59.3
58.98
59
58.96
59.14
59.21
59.14
58.86
58.97
58.9
59.04
58.88
59.02
58.97
59.34
58.96
58.85
58.73
58.6
58.7
58.28
57.7
57.44
57.35
57.08
56.97
56.94
56.99
56.38
56.22
56.85
57.17
57.49
57.48
57.5
57.6
57.32
57.26
57.41
57.52
57.41
57.46
57.42
56.94
56.56
56
56.55
56.66
57.01
57.33
56.87
56.71
57.16
57.32
57
56.81
56.94
57.09
57.14
57.2
56.94
56.88
57.51
57.15
56.73
56.78
55.82
55.14
55.27
56.19
56.41
56.72
56.68
56.99
57.41
56.99
57.29
57.7
58.54
58.26
58.92
58.87
59.6
59.6
59.58
59.07
58.99
58.87
59.08
59.14
58.27
58.62
59.17
59.29
59.15
59.25
59.39
58.62
59.87
60.24
60.3
60.61
60.71
60.51
60.5
60.62
60.32
60.02
59.65
59.67
59.61
59.41
58.91
59.19
59.41
59.59
59.55
59.41
59.91
59.97
60.03
60.01
59.65
59.28
58.97
58.47
58.37
57.98
57.73
57.41
57.12
57.13
57.13
57.05
57.09
56.56
56.99
57.29
57.25
57.19
56.36
56.76
57.51
57.63
58.25
58.23
58.63
58.68
58.39
58.19
58.09
58.18
58.33
58.14
58.09
58.32
58.15
58.16
58.37
57.97
57.96
57.96
57.32
56.88
57.61
57.75
57.65
57.65
57.59
57.69
57.92
58.14
57.96
57.6
57.73
58.11
58.17
57.92
57.43
56.96
56.71
56.43
56.22
56.17
56.21
56.48
56.6
56.44
56
55.69
55.44
55.45
55.76
55.88
55.96
55.87
56.39
56.34
56.39
56.52
56.06
56.67
56.6
56.35
56.31
56.15
56.21
56.43
56.35
56.25
55.73
55.41
55.34
55.24
55.48
55.52
55.5
54.3
54.29
54.5
54.42
54
54.35
54.32
53.58
54.37
54.81
55.06
55.28
55.21
55.45
55.2
55.16
55.78
55.77
56
55.97
56.04
55.72
55.68
55.81
55.83
55.62
55.47
55.78
55.77
55.4
54.89
55.59
55.66
55.44
55.21
54.93
54.74
54.11
53.42
53.71
54.07
54.15
53.92
53.57
53.37
53.22
53.35
53.46
52.82
52.46
52.46
52.55
52.53
52.46
52.69
52.48
51.9
51.02
52.03
52.7
53.21
53.2
53.13
53.24
53.09
52.83
53.05
52.98
52.57
52.26
52.45
52.03
51.56
51.33
51.27
51.07
50.58
50.42
50.81
50.97
51.07
51.27
51.27
51.46
50.94
50.58
51.26
51.62
51.39
51.05
51.06
51.07
51.07
50.37
50.17
49.98
50.06
49.87
49.66
49.57
49.78
49.56
49.2
49.4
49.38
49.35
49.35
48.96
48.53
48.64
48.31
48.46
48.13
47.97
48.1
48.18
48
47.75
47.66
47.91
47.9
47.74
47.73
47.63
47.32
47.3
47.22
47.5
47.91
47.81
47.73
48.16
48.05
47.77
47.46
47.75
47.94
47.49
47.19
47.09
46.96
47.15
46.97
46.65
46.4
46.41
46.33
45.77
45.55
45.25
45.11
45.14
45.72
45.42
45.25
45.4
45.62
45.47
45.32
45.28
45.24
44.9
44.84
44.63
44.52
44.69
44.85
44.61
45.34
44.94
45.18
45.02
44.75
44.49
44.48
44.57
44.64
44.55
44.5
44.46
44.31
44.09
43.85
43.79
43.85
43.87
43.78
43.55
43.61
43.24
43.36
43.34
43.12
43.62
43.75
44.09
43.99
43.93
44.01
43.79
43.69
43.54
43.44
43
43.22
43.36
43.14
42.8
42.8
42.93
42.71
42.25
42.1
42.43
42
41.74
41.7
41.65
41.43
41.33
41.48
41.6
41.93
42.1
42.2
42.17
42.3
42.44
42.58
42.42
42.11
42.09
41.89
42.04
42.33
42.46
42.41
42.51
42.21
42.07
42
41.47
41.35
41.13
40.84
40.68
40.92
40.61
40.65
40.88
40.91
41.15
41.17
41.11
41.33
40.94
40.93
41.11
41.48
41.73
42.1
42.19
42.46
42.04
41.7
41.68
41.88
41.63
41.59
41.71
41.36
41.2
41.3
41.35
41.1
41.06
40.99
40.67
40.49
40.37
40.75
40.99
41
40.68
40.87
40.33
39.99
39.58
39.78
39.92
39.52
39.48
39.48
39.8
39.38
39.42
40.12
40.73
40.55
40.51
40.56
40.92
41.31
41.52
41.54
41.37
41.36
41.72
41.25
40.09
41.18
40.87
40.48
39.92
39.81
40.04
40.37
39.44
39.55
39.6
40.18
40.19
40.67
40.43
40.37
40.44
41.06
41.02
40.69
40.42
40.59
40.71
40.73
38.98
39.15
40.33
40.65
41.33
41.67
41.24
40.94
40.96
41.99
41.95
42.22
42.79
43.14
43.1
42.76
42.42
42.55
42.57
42.98
42.98
42.69
43.69
44.4
44.69
44.64
44.58
44.8
44.82
44.26
43.87
44.28
44.68
44.82
45.05
45.44
45.22
44.46
44.64
44.61
43.89
44.51
45.16
45.49
45.29
44.91
45.83
45.75
45.73
46.3
46.33
46.92
46.9
47.03
46.67
47.26
47.68
47.79
47.91
47.92
47.92
48.45
48.61
48.61
48.56
48.47
48.58
48.53
48.58
48.88
49.13
49.08
48.86
49
48.9
48.9
48.69
48.46
47.9
47.43
47.37
47.26
47.09
47.15
46.78
47.15
47.43
47.72
48.04
48.24
48.15
48.14
48.05
47.94
47.9
47.85
47.8
47.27
47.28
47.37
47.43
47.11
46.69
46.78
47.21
47.15
47.14
47.33
47.35
47.15
47.02
46.83
46.67
46.88
46.59
46.36
46.31
46.13
46.27
46.34
46.39
46.02
45.74
45.73
45.5
45.56
45.72
45.65
45.48
45.41
45.08
45.02
44.95
44.98
44.98
44.98
44.79
44.39
44.49
44.44
44.54
44.42
44.14
44.11
44.18
44.09
43.91
43.88
44.06
44.11
44.1
44.04
43.85
44.05
44.07
44.04
43.75
43.78
44.07
44.21
44.23
44.22
44.06
43.74
43.26
43.41
43.45
43.38
43.48
43.63
43.49
43.46
43.51
42.99
43.04
42.39
42.57
43.32
43.62
43.82
43.89
44.53
44.62
44.72
44.91
44.71
44.49
44.82
45.03
44.87
44.53
44.4
44.64
45.22
45.23
45.18
45.86
46.18
46.27
46.16
46.25
46.42
46.66
46.6
46.2
46.67
46.56
46.35
46.39
46.37
46.07
46.43
46.54
46.54
46.54
46.5
46.13
46.48
46.8
47.04
46.81
46.39
45.84
45.98
45.08
44.38
44.43
44.91
44.87
45.14
44.67
44.89
45.29
45.74
45.72
46.01
46.27
46.49
46.34
46.73
47.11
47.6
46.98
46.52
45.58
46.37
46.4
46.27
45.85
45.93
46.12
46.23
46.24
46.34
46.26
46.62
46.86
47
46.81
46.84
46.2
46.43
46.45
46.29
46.28
45.52
44.7
45.35
45.6
45.82
45.75
46.4
46.58
46.21
46.24
46.79
47.1
47.21
46.09
47.05
47.38
47.56
47.81
48.1
48.02
47.89
47.51
46.94
47.36
47.57
47.66
47.95
48
47.42
47.89
48.25
48.82
48.88
48.99
48
48.58
49.09
49.32
49.36
49.16
48.96
49.64
49.64
49.62
49.39
49
49.08
49.48
49.44
49.33
49.33
49.35
49.32
49.3
49.31
49.14
48.72
48.58
48.69
48.54
48.25
48.04
47.8
47.32
46.93
46.97
47.13
47.07
46.72
46.41
46.59
46.73
46.41
46.22
46.17
46.37
46.31
46.42
46.36
45.71
45.14
45.99
45.63
45.86
45.85
45.58
45.2
45.11
44.1
44.62
44.6
45.02
45.26
45.99
46.39
46.61
46.05
46.37
46.86
47.12
47.16
47.94
48.02
48.22
48.51
48.34
48.17
48.16
48.38
47.99
47.49
47.09
47.26
47.65
47.76
47.57
47.74
47.93
47.96
47.95
48.02
48.31
47.93
48.61
48.85
48.57
48.8
48.53
48.7
48.48
48.51
48.25
48.62
48.83
48.72
48.23
48.87
48.59
48.14
47.99
47.53
47.06
47.13
46.7
46.12
46.01
46.04
46.06
45.81
45.54
45.34
45.43
45.27
45.32
44.95
44.56
44.45
44.52
43.82
44.04
43.42
43.58
43.64
43.66
44.16
44.6
44.81
44.78
44.22
44.03
43.82
43.5
43.35
43.46
43.72
43.65
43.11
43.22
43.72
44.17
44.47
44.14
44.67
44.75
44.38
44.16
44.51
45.14
44.95
45
45.16
45.48
45.15
45.05
45.22
45.5
45.41
45.84
44.95
45.02
45.13
45.06
45.07
45.45
45.42
45.89
45.82
45.55
45.7
45.7
45.44
45.35
45.51
45.56
45.38
45.68
45.72
45.66
45.22
45.54
45.59
45.91
46.21
46.41
45.24
44.72
44.61
44.15
43.96
43.24
42.35
42.28
42.34
42.37
42.34
42.29
42.63
42.91
42.59
42.59
42.07
41.65
41.35
41.22
41.39
41.52
40.8
41.15
42.38
42.7
42.99
42.82
42.49
43.67
44.03
44.31
43.58
42.61
45.63
45.39
45.39
45.13
45.16
45.09
44.75
44.99
44.8
44.19
43.89
43.88
43.85
43.86
43.6
43.37
43.18
42.92
42.96
42.99
42.8
42.61
42.55
41.98
42.02
41.84
41.9
41.86
42.17
42.21
42.13
41.74
41.75
42.31
42.56
42.36
43.09
43.03
42.93
43.52
43.5
43.76
43.58
43.48
43
42.64
42.23
42.1
42.36
42.4
42.25
42.24
42.75
42.75
42.64
42.58
43.18
41.69
41.19
41.03
40.79
40.77
40.99
40.96
40.75
40.6
40.51
40.14
40.1
39.96
39.89
39.67
39.62
39.25
39.01
39.22
39.96
39.69
38.37
38.01
37.96
37.91
37.93
37.85
37.6
37.46
37.48
37.74
37.49
37.28
36.97
37.02
37.44
37.2
37.42
37.85
37.93
37.89
37.82
37.64
37.7
38.04
37.96
37.68
38.11
38.31
38.11
38.01
38.32
38.28
38.22
38.27
37.96
37.79
37.71
37.66
37.44
37.34
37.17
36.98
36.83
36.95
36.58
36.52
36.85
36.83
36.96
36.93
36.64
36.17
35.95
36.18
36.12
35.98
35.71
34.96
35.82
36.45
36.22
36.58
37.28
37.52
37.29
37.15
36.83
36.76
36.57
36.62
36.82
36.85
36.89
36.84
36.77
36.89
36.89
37.15
37.08
36.75
36.46
36.96
36.96
36.44
36.61
36.72
36.63
36.19
35.99
35.95
35.51
35.52
35.44
35.13
34.96
34.8
34.58
35.28
35.43
35.58
35.68
35.79
35.33
35.04
35.52
36.42
36.75
35.98
35.74
35.74
35.43
35.07
35.37
35.34
35.38
35.33
35.92
34.93
34.56
34.35
34.59
34.56
34.69
34.86
34.92
34.76
34.49
34.18
33.99
34.24
34.54
34.55
34.22
34.03
33.58
33.45
33.44
33.63
33.57
33.47
33.54
33.47
33.18
33.15
33.02
32.71
32.82
32.44
31.79
31.68
31.88
32.02
31.94
31.96
32.13
32.13
32.17
31.91
31.83
31.71
31.88
32.27
32.28
32.41
32.67
32.69
32.76
32.63
32.47
32.29
32.31
32.5
32.69
32.53
32.4
32.18
32
31.79
31.57
31.71
31.46
31.29
31.28
31.12
30.84
30.73
30.68
30.66
30.5
30.27
30.04
29.83
30.35
30.66
30.57
30.65
30.87
31
31.21
31.16
31.09
31.12
31.05
30.72
30.59
30.72
30.37
30.12
30.38
30.77
30.9
30.93
30.99
30.88
30.69
30.58
30.52
30.34
30.31
30.27
30.03
29.84
29.98
30.06
30.19
30.09
30.02
30.12
30.14
29.94
29.94
29.92
29.59
29.21
29.21
29.43
29.28
29.2
29.26
29.13
29.08
29.06
29.04
28.96
29.04
28.83
28.62
28.58
28.34
28.15
28.34
28.99
29.1
29.15
29.16
29.19
29.19
29.05
29.17
28.93
29
28.99
28.82
28.72
28.85
28.84
28.8
28.56
28.72
28.49
28.62
28.65
28.51
28.29
28.28
28.21
28.26
28.18
27.76
27.71
27.88
27.78
27.68
27.64
27.75
27.76
27.94
27.85
27.64
27.57
27.38
27.38
27.11
27.01
27.26
27.21
27.17
26.94
26.69
26.66
26.56
26.42
26.47
26.6
26.79
26.81
26.73
26.62
26.56
26.57
26.69
26.69
26.57
26.51
26.45
26.52
26.41
26.32
26.32
26.25
26.15
25.91
25.83
25.83
25.92
25.86
25.86
25.81
26.04
26.12
26.06
26.14
26.17
26.23
26.3
26.2
26.01
25.92
25.99
26.08
26.02
26.01
26.09
25.93
25.85
25.79
25.75
25.68
25.43
25.43
25.19
25.07
24.93
24.8
24.93
25.06
25.14
25.1
24.95
24.81
24.76
24.55
24.71
24.8
24.69
24.76
24.95
24.99
24.94
24.96
24.71
24.69
24.76
24.78
24.84
24.87
24.95
24.98
24.97
24.95
24.78
24.76
24.66
24.52
24.5
24.36
24.44
24.4
24.29
24.25
24.38
24.54
24.46
24.37
24.66
24.61
24.64
24.51
24.66
24.54
24.58
24.29
24.26
24.31
24.35
24.3
24.19
24.17
24.16
24.14
23.95
23.68
23.57
23.66
23.62
23.58
23.39
23.48
23.59
23.49
23.35
23.49
23.45
23.3
23.24
23.23
23.2
22.88
22.95
23.07
23.01
22.9
22.71
23.14
23.41
23.65
23.61
23.57
23.51
23.56
23.42