1655.08
1653.08
1639.77
1632.97
1638.17
1634.96
1630.48
1656.78
1663.5
1656.96
1642.8
1652.35
1646.06
1655.83
1661.32
1685.39
1694.16
1689.47
1691.42
1697.48
1690.91
1697.37
1707.14
1709.67
1706.87
1685.73
1685.96
1685.33
1691.65
1690.25
1685.94
1692.39
1695.53
1692.09
1689.37
1680.91
1676.26
1682.5
1680.19
1675.02
1652.62
1652.32
1640.46
1631.89
1615.41
1614.08
1614.96
1606.28
1613.2
1603.26
1588.03
1573.09
1592.43
1588.19
1628.93
1651.81
1639.04
1626.73
1636.36
1612.52
1626.13
1642.81
1643.38
1622.56
1608.9
1631.38
1640.42
1630.74
1654.41
1648.36
1660.06
1649.6
1650.51
1655.35
1669.16
1666.29
1667.47
1650.47
1658.78
1650.34
1633.77
1633.7
1626.67
1632.69
1625.96
1617.5
1614.42
1597.59
1582.7
1597.57
1593.61
1582.24
1585.16
1578.79
1578.78
1562.5
1555.25
1541.61
1552.01
1574.57
1552.36
1588.85
1593.37
1587.73
1568.61
1563.07
1553.28
1559.98
1553.69
1570.25
1562.17
1569.19
1562.85
1563.77
1551.69
1556.89
1545.8
1558.71
1548.34
1552.1
1560.7
1563.23
1554.52
1552.48
1556.22
1551.18
1544.26
1541.46
1539.79
1525.2
1518.2
1514.68
1515.99
1496.94
1487.85
1515.6
1502.42
1511.95
1530.94
1519.79
1521.38
1520.33
1519.43
1517.01
1517.93
1509.39
1512.12
1511.29
1495.71
1513.17
1498.11
1501.96
1507.84
1500.18
1502.96
1494.82
1494.81
1492.56
1485.98
1480.94
1472.63
1472.34
1470.68
1472.05
1472.12
1461.02
1457.15
1461.89
1466.47
1459.37
1462.42
1426.19
1402.43
1418.1
1419.83
1426.66
1430.15
1443.69
1435.81
1446.79
1430.36
1413.58
1419.45
1428.48
1427.84
1418.55
1418.07
1413.94
1409.28
1407.05
1409.46
1416.18
1415.95
1409.93
1398.94
1406.29
1409.15
1391.03
1387.81
1386.89
1359.88
1353.33
1355.49
1374.53
1380.03
1379.85
1377.51
1394.53
1428.39
1417.26
1414.2
1427.59
1412.16
1411.94
1412.97
1408.75
1413.11
1433.82
1433.19
1457.34
1460.91
1454.92
1440.13
1428.59
1432.84
1432.56
1441.48
1455.88
1460.93
1461.4
1450.99
1445.75
1444.49
1440.67
1447.15
1433.32
1441.59
1456.89
1460.15
1460.26
1461.05
1459.32
1461.19
1465.77
1459.99
1436.56
1433.56
1429.08
1437.92
1432.12
1403.44
1404.94
1406.58
1399.48
1410.49
1409.3
1410.44
1411.13
1402.08
1413.49
1413.17
1418.13
1418.16
1415.51
1405.53
1403.93
1404.11
1405.87
1402.8
1402.22
1401.35
1394.23
1390.99
1365
1375.32
1379.32
1385.3
1385.97
1360.02
1337.89
1338.31
1350.52
1362.66
1376.51
1372.78
1363.67
1353.64
1356.78
1334.76
1341.45
1341.47
1352.46
1354.68
1367.58
1374.02
1365.51
1362.16
1329.04
1331.85
1319.99
1313.72
1335.02
1325.51
1355.69
1357.98
1344.78
1342.84
1329.1
1314.88
1324.18
1308.93
1325.66
1314.99
1315.13
1285.5
1278.18
1278.04
1310.33
1313.32
1332.42
1317.82
1320.68
1318.86
1316.63
1315.99
1295.22
1304.86
1324.8
1330.66
1338.35
1353.39
1357.99
1354.58
1363.72
1369.58
1369.1
1391.57
1402.31
1405.82
1397.91
1403.36
1399.98
1390.69
1371.97
1366.94
1378.53
1376.92
1385.14
1390.78
1369.57
1370.26
1387.57
1368.71
1358.59
1382.2
1398.08
1398.96
1413.38
1419.04
1408.47
1403.28
1405.54
1412.52
1416.51
1397.11
1392.78
1402.89
1405.52
1409.75
1404.17
1402.6
1394.28
1395.95
1371.09
1370.87
1365.91
1352.63
1343.36
1364.33
1369.63
1374.09
1365.68
1372.18
1367.59
1365.74
1363.46
1357.66
1362.21
1361.23
1358.04
1343.23
1350.5
1351.77
1342.64
1351.95
1349.96
1347.05
1344.33
1344.9
1325.54
1324.09
1312.41
1313.01
1316.33
1318.43
1326.06
1314.65
1316
1315.38
1314.5
1308.04
1293.67
1289.09
1295.5
1292.48
1292.08
1280.7
1277.81
1281.06
1277.3
1277.06
1257.6
1263.02
1249.64
1265.43
1265.33
1254
1243.72
1241.3
1205.35
1219.66
1215.75
1211.82
1225.73
1236.47
1255.19
1234.35
1261.01
1258.47
1257.08
1244.28
1244.58
1246.96
1195.19
1192.55
1158.67
1161.79
1188.04
1192.98
1215.65
1216.13
1236.91
1257.81
1251.78
1263.85
1239.7
1229.1
1275.92
1261.12
1253.23
1261.15
1237.9
1218.28
1253.3
1285.09
1284.59
1242
1229.05
1254.19
1238.25
1215.39
1209.88
1225.38
1200.86
1224.58
1203.66
1207.25
1195.54
1194.89
1155.46
1164.97
1144.03
1123.95
1099.23
1131.42
1160.4
1151.06
1175.38
1162.95
1136.43
1129.56
1166.76
1202.09
1204.09
1216.01
1209.11
1188.68
1172.87
1162.27
1154.23
1185.9
1198.62
1165.24
1173.97
1204.42
1218.89
1212.92
1210.08
1176.8
1159.27
1177.6
1162.35
1123.82
1123.53
1140.65
1193.89
1192.76
1204.49
1178.81
1172.64
1120.76
1172.53
1119.46
1199.38
1200.07
1260.34
1254.05
1286.94
1292.28
1300.67
1304.89
1331.94
1337.43
1345.02
1343.8
1325.84
1326.73
1305.44
1316.14
1308.87
1317.72
1313.64
1319.49
1343.8
1353.22
1339.22
1337.88
1339.67
1320.64
1307.41
1296.67
1280.1
1268.45
1283.5
1287.14
1295.52
1278.36
1271.5
1267.64
1265.42
1287.87
1271.83
1270.98
1289
1279.56
1284.94
1286.17
1300.16
1312.94
1314.55
1345.2
1331.1
1325.69
1320.47
1316.28
1317.37
1333.27
1343.6
1340.68
1328.98
1329.47
1337.77
1348.65
1342.08
1357.16
1346.29
1340.2
1335.1
1347.32
1356.62
1361.22
1363.61
1360.48
1355.66
1347.24
1335.25
1337.38
1330.36
1312.62
1305.14
1319.68
1314.52
1314.41
1314.16
1324.46
1328.17
1333.51
1335.54
1332.63
1332.87
1332.41
1325.83
1328.26
1319.44
1310.19
1313.8
1309.66
1297.54
1293.77
1298.38
1279.21
1273.72
1256.88
1281.87
1296.39
1304.28
1295.11
1320.02
1321.82
1310.13
1321.15
1330.97
1308.44
1306.33
1327.22
1319.88
1306.1
1307.4
1315.44
1343.01
1340.43
1336.32
1328.01
1332.32
1329.15
1321.87
1320.88
1324.57
1319.05
1310.87
1307.1
1304.03
1307.59
1286.12
1276.34
1299.54
1296.63
1291.18
1290.84
1283.35
1280.26
1281.92
1295.02
1293.24
1283.76
1285.96
1274.48
1269.75
1271.5
1273.85
1276.56
1270.2
1271.87
1257.64
1257.88
1259.78
1258.51
1257.54
1256.77
1258.84
1254.6
1247.08
1243.91
1242.87
1235.23
1241.59
1240.46
1240.4
1233
1228.28
1223.75
1223.12
1224.71
1221.53
1206.07
1180.55
1187.76
1189.4
1198.35
1180.73
1197.84
1199.73
1196.69
1178.59
1178.34
1197.75
1199.21
1213.54
1218.71
1213.4
1223.25
1225.85
1221.06
1197.96
1193.57
1184.38
1183.26
1183.78
1182.45
1185.64
1185.62
1183.08
1180.26
1178.17
1165.9
1184.71
1176.19
1173.81
1178.1
1169.77
1165.32
1165.15
1158.06
1159.97
1160.75
1137.03
1146.24
1141.2
1144.73
1147.7
1142.16
1148.67
1124.83
1134.28
1139.78
1142.71
1125.59
1124.66
1125.07
1121.1
1121.9
1109.55
1104.18
1098.87
1091.84
1104.51
1090.1
1080.29
1049.33
1048.92
1064.59
1047.22
1055.33
1051.87
1067.36
1071.69
1075.63
1094.16
1092.54
1079.38
1079.25
1083.61
1089.47
1121.06
1127.79
1121.64
1125.81
1127.24
1120.46
1125.86
1101.6
1101.53
1106.13
1113.84
1115.01
1102.66
1093.67
1069.59
1083.48
1071.25
1064.88
1096.48
1095.17
1095.34
1078.75
1077.96
1070.25
1060.27
1028.06
1022.58
1027.37
1030.71
1041.24
1074.57
1076.76
1073.69
1092.04
1095.31
1113.2
1117.51
1116.04
1114.61
1115.23
1089.63
1091.6
1086.84
1055.69
1062
1050.47
1064.88
1102.83
1098.38
1070.71
1089.41
1103.06
1067.95
1074.03
1073.65
1087.69
1071.59
1115.05
1120.8
1136.94
1135.68
1157.44
1171.67
1155.79
1159.73
1110.88
1128.15
1165.87
1173.6
1202.26
1186.69
1206.78
1191.36
1183.71
1212.05
1217.28
1208.67
1205.94
1207.17
1197.52
1192.13
1211.67
1210.65
1197.3
1196.48
1194.37
1186.44
1182.45
1189.44
1187.44
1178.1
1169.43
1173.27
1173.22
1166.59
1165.73
1167.72
1174.17
1165.81
1159.9
1165.83
1166.21
1159.46
1150.51
1149.99
1150.24
1145.61
1140.45
1138.5
1138.7
1122.97
1118.79
1118.31
1115.71
1104.49
1102.94
1105.24
1094.6
1108.01
1109.17
1106.75
1099.51
1094.87
1075.51
1078.47
1068.13
1070.52
1056.74
1066.19
1063.11
1097.28
1103.32
1089.19
1073.87
1084.53
1097.5
1092.17
1096.78
1091.76
1116.48
1138.04
1150.23
1136.03
1148.46
1145.68
1136.22
1146.98
1144.98
1141.69
1137.14
1136.52
1132.99
1115.1
1126.42
1126.2
1127.78
1126.48
1120.59
1118.02
1114.05
1102.47
1096.08
1109.18
1107.93
1114.11
1106.41
1102.35
1095.95
1091.94
1103.25
1105.98
1099.92
1109.24
1108.86
1095.63
1091.49
1110.63
1105.65
1106.24
1091.38
1094.9
1109.8
1110.32
1109.3
1093.48
1087.24
1098.51
1093.01
1093.08
1069.3
1066.63
1046.5
1045.41
1042.88
1036.19
1066.11
1042.63
1063.41
1066.95
1079.6
1092.91
1081.4
1091.06
1097.91
1087.68
1096.56
1092.02
1073.19
1076.19
1071.49
1065.48
1057.58
1054.72
1040.46
1025.21
1029.85
1057.08
1060.61
1062.98
1044.38
1050.78
1060.87
1071.66
1064.66
1068.3
1065.49
1068.76
1052.63
1049.34
1042.73
1044.14
1033.37
1025.39
1016.4
1003.24
994.75
998.04
1020.62
1028.93
1030.98
1028.12
1028
1025.57
1026.13
1007.37
996.46
989.67
979.73
1004.09
1012.73
1005.81
994.35
1007.1
1010.48
997.08
1002.72
1005.65
1002.63
987.48
986.75
975.15
979.62
982.18
979.26
976.29
954.07
954.58
951.13
940.38
940.74
932.68
905.84
901.05
879.13
882.68
879.56
881.03
898.72
896.42
923.33
919.32
927.23
918.9
920.26
900.94
895.1
893.04
921.23
918.37
910.71
911.97
923.72
946.21
944.89
939.15
942.43
939.14
940.09
942.46
931.76
944.74
942.87
919.14
906.83
893.06
910.33
887
888.33
903.47
908.13
909.71
882.88
893.07
883.92
908.35
909.24
929.23
907.39
919.53
903.8
907.24
877.52
872.81
873.64
855.16
857.51
866.23
851.92
843.55
850.08
832.39
869.6
865.3
852.06
841.5
858.73
856.56
825.16
815.55
835.48
842.5
834.38
811.08
797.87
787.53
815.94
832.86
813.88
806.12
822.92
768.54
784.04
794.35
778.12
753.89
756.55
750.74
721.36
719.6
676.53
683.38
682.55
712.87
696.33
700.82
735.09
752.83
764.9
773.14
743.33
770.05
778.94
788.42
789.17
826.84
835.19
833.74
827.16
869.89
868.6
845.85
832.23
838.51
825.44
825.88
845.14
874.09
845.71
836.57
831.95
827.5
840.24
805.22
850.12
843.74
842.62
871.79
870.26
890.35
909.73
906.65
934.7
927.45
931.8
903.25
890.64
869.42
872.8
868.15
863.16
871.63
887.88
885.28
904.42
913.18
868.57
879.73
873.59
899.24
888.67
909.7
876.07
845.22
870.74
848.81
816.21
896.24
887.68
857.39
851.81
800.03
752.44
806.58
859.12
850.75
873.29
911.29
852.3
898.95
919.21
930.99
904.88
952.77
1005.75
966.3
968.75
954.09
930.09
940.51
848.92
876.77
908.11
896.78
955.05
985.4
940.55
946.43
907.84
998.01
1003.35
899.22
909.92
984.94
996.23
1056.89
1099.23
1114.28
1161.06
1166.36
1106.42
1213.27
1209.18
1185.87
1188.22
1207.09
1255.08
1206.51
1156.39
1213.6
1192.7
1251.7
1249.05
1232.04
1224.51
1267.79
1242.31
1236.83
1274.98
1277.58
1282.83
1300.68
1281.66
1271.51
1266.84
1292.2
1277.72
1274.54
1266.69
1278.6
1298.2
1292.93
1285.83
1289.59
1305.32
1296.32
1266.07
1289.19
1284.88
1249.01
1260.31
1267.38
1284.26
1263.2
1234.37
1257.76
1252.54
1282.19
1277
1260
1260.68
1260.32
1245.36
1214.91
1228.3
1239.49
1253.39
1244.69
1273.7
1252.31
1262.9
1261.52
1284.91
1280
1278.38
1283.15
1321.97
1314.29
1318
1317.93
1342.83
1337.81
1350.93
1360.14
1360.03
1339.87
1335.49
1358.44
1361.76
1360.68
1404.05
1377.2
1377.65
1385.67
1400.38
1398.26
1390.84
1385.35
1375.93
1394.35
1390.71
1413.4
1426.63
1425.35
1423.57
1408.66
1403.04
1403.58
1388.28
1397.68
1392.57
1418.26
1407.49
1413.9
1409.34
1385.59
1390.94
1396.37
1397.84
1388.82
1379.93
1375.94
1388.17
1390.33
1365.56
1364.71
1334.43
1328.32
1332.83
1360.55
1354.49
1365.54
1372.54
1370.4
1369.31
1367.53
1370.18
1322.7
1315.22
1325.76
1341.13
1352.99
1349.88
1329.51
1298.42
1330.74
1276.6
1288.14
1315.48
1308.77
1320.65
1273.37
1293.37
1304.34
1333.7
1326.75
1331.34
1330.63
1367.68
1380.02
1381.29
1371.8
1353.11
1342.53
1360.03
1348.78
1349.99
1348.86
1367.21
1348.86
1339.13
1331.29
1336.91
1326.45
1336.64
1380.82
1395.42
1378.55
1355.81
1362.3
1353.96
1330.61
1352.07
1338.6
1310.5
1325.19
1333.25
1373.2
1380.95
1416.25
1401.02
1420.33
1409.13
1390.19
1416.18
1411.63
1447.16
1447.16
1468.36
1478.49
1476.27
1497.66
1496.45
1484.46
1460.12
1453
1454.98
1445.9
1467.95
1488.41
1486.59
1477.65
1515.96
1504.66
1507.34
1485.01
1462.79
1472.42
1481.14
1469.72
1469.02
1428.23
1407.22
1440.7
1416.77
1439.7
1433.27
1458.74
1451.15
1470.58
1481.05
1439.18
1453.7
1474.77
1475.62
1520.27
1502.17
1509.65
1508.44
1549.38
1531.02
1540.98
1535.28
1514.4
1515.88
1519.59
1506.33
1500.63
1540.08
1541.24
1538.53
1548.71
1561.8
1554.41
1562.47
1565.15
1552.58
1557.59
1542.84
1539.59
1546.63
1547.04
1526.75
1531.38
1525.42
1517.21
1517.73
1525.75
1518.75
1529.03
1519.78
1476.65
1484.25
1483.95
1471.56
1471.49
1451.7
1453.55
1478.55
1472.29
1489.42
1473.99
1457.64
1463.76
1432.36
1466.79
1479.37
1462.5
1464.07
1447.12
1445.55
1445.94
1411.27
1406.7
1426.54
1452.92
1453.64
1453.09
1497.49
1476.71
1467.67
1433.06
1472.2
1465.81
1455.27
1473.91
1458.95
1482.66
1518.09
1511.04
1541.57
1534.1
1553.08
1546.17
1549.37
1549.52
1552.5
1547.7
1518.76
1510.12
1531.85
1530.44
1525.4
1524.87
1519.43
1503.35
1505.71
1506.34
1492.89
1497.74
1502.56
1522.19
1512.84
1533.7
1531.05
1532.91
1522.97
1515.67
1493
1509.12
1507.67
1490.72
1517.38
1530.95
1539.18
1536.34
1530.62
1530.23
1518.11
1515.73
1507.51
1522.28
1524.12
1525.1
1522.75
1512.75
1514.14
1501.19
1503.15
1505.85
1491.47
1512.58
1507.72
1509.48
1505.62
1502.39
1495.92
1486.3
1482.37
1494.07
1494.25
1495.42
1480.41
1480.93
1484.35
1470.73
1472.5
1471.48
1468.33
1452.85
1447.8
1438.87
1448.39
1444.61
1443.76
1439.37
1437.77
1424.55
1420.86
1422.53
1417.23
1428.61
1437.5
1436.11
1434.54
1435.04
1410.94
1402.06
1386.95
1392.28
1387.17
1377.95
1406.6
1402.84
1401.89
1391.97
1395.41
1374.12
1387.17
1403.17
1406.82
1399.04
1449.37
1451.19
1456.38
1457.63
1459.68
1455.54
1456.81
1455.3
1444.26
1433.37
1438.06
1448.31
1450.02
1448
1446.99
1448.39
1445.94
1438.24
1428.82
1420.62
1422.18
1423.9
1440.13
1427.99
1422.95
1430.5
1426.37
1430.62
1431.9
1430.73
1423.82
1414.85
1412.11
1412.84
1409.71
1418.34
1416.6
1418.3
1424.73
1426.84
1416.9
1410.76
1418.3
1423.53
1425.55
1422.48
1427.09
1425.49
1413.21
1411.56
1413.04
1409.84
1407.29
1412.9
1414.76
1409.12
1396.71
1400.63
1399.48
1386.72
1381.96
1400.95
1406.09
1402.81
1400.5
1401.2
1399.76
1396.57
1393.22
1384.42
1380.9
1378.33
1385.72
1382.84
1379.78
1364.3
1367.34
1367.81
1377.94
1377.93
1377.34
1389.08
1382.22
1377.38
1377.02
1368.6
1366.96
1365.8
1364.05
1369.06
1365.62
1362.83
1349.95
1353.42
1350.66
1349.59
1353.22
1350.2
1334.11
1331.32
1335.85
1338.88
1336.59
1336.35
1326.37
1314.78
1318.03
1325.18
1317.64
1321.18
1319.66
1316.28
1318.07
1313
1299.54
1298.92
1294.02
1300.26
1313.25
1311.01
1303.82
1305.37
1304.28
1301.78
1295.09
1296.06
1292.99
1298.82
1297.52
1302.3
1297.48
1295.43
1285.58
1268.21
1266.74
1271.81
1265.95
1271.48
1275.77
1279.36
1280.27
1277.41
1270.92
1276.66
1278.55
1263.2
1268.4
1268.88
1260.91
1240.29
1249.13
1259.81
1236.86
1234.49
1236.2
1242.28
1258.6
1272.43
1267.34
1265.48
1274.08
1270.91
1280.19
1270.2
1272.87
1246
1239.2
1250.56
1244.5
1245.6
1252.2
1240.12
1240.13
1251.54
1256.16
1230.04
1223.69
1237.44
1252.3
1257.93
1256.15
1263.85
1265.29
1288.22
1285.71
1270.09
1259.87
1280.16
1272.88
1258.57
1256.58
1262.07
1267.03
1261.81
1270.32
1292.08
1294.5
1291.24
1305.92
1322.85
1325.14
1324.66
1325.76
1312.25
1308.12
1313.21
1305.19
1310.61
1309.72
1305.41
1301.74
1308.11
1311.28
1311.46
1309.93
1307.28
1285.33
1289.12
1288.12
1286.57
1296.62
1295.5
1309.04
1311.56
1305.93
1297.81
1294.87
1300.25
1302.89
1293.23
1301.61
1302.95
1301.67
1305.04
1297.23
1305.08
1307.25
1305.33
1303.02
1297.48
1284.13
1281.42
1272.23
1278.47
1275.88
1278.26
1287.23
1289.14
1291.24
1280.66
1294.12
1289.43
1287.79
1292.67
1283.03
1287.24
1289.38
1280
1275.53
1262.86
1266.99
1263.78
1265.65
1254.78
1265.02
1264.03
1270.84
1282.46
1280.08
1285.19
1283.72
1273.83
1264.68
1266.86
1263.82
1261.49
1285.04
1277.93
1283.03
1287.61
1286.06
1294.18
1289.69
1290.15
1285.45
1273.48
1273.46
1268.8
1248.29
1254.42
1258.17
1256.54
1268.66
1268.12
1262.79
1259.62
1259.92
1267.32
1270.94
1272.74
1267.43
1260.43
1259.37
1255.84
1257.37
1263.7
1262.09
1265.08
1264.67
1249.48
1257.48
1257.46
1268.25
1265.61
1261.23
1254.85
1248.27
1242.8
1231.21
1229.01
1233.76
1234.72
1230.96
1220.65
1218.59
1222.81
1220.14
1219.94
1214.76
1202.76
1207.01
1198.41
1178.9
1191.38
1196.54
1199.38
1179.59
1177.8
1195.76
1178.14
1190.1
1186.57
1176.84
1177.68
1184.87
1187.33
1195.9
1191.49
1196.39
1214.47
1226.7
1228.81
1227.68
1216.89
1215.66
1215.63
1215.29
1214.62
1210.2
1221.34
1231.02
1237.91
1227.73
1227.16
1231.2
1240.56
1241.48
1231.67
1236.36
1233.39
1218.02
1221.59
1220.33
1208.41
1212.28
1205.1
1212.37
1209.59
1217.59
1221.73
1219.71
1219.02
1220.24
1219.34
1233.87
1230.39
1237.81
1229.13
1231.38
1223.13
1226.42
1235.86
1245.04
1244.12
1235.35
1234.18
1243.72
1236.79
1231.16
1229.03
1233.68
1227.04
1235.2
1229.35
1221.13
1227.92
1226.5
1223.29
1222.21
1219.44
1211.86
1197.87
1194.94
1204.99
1194.44
1191.33
1199.85
1201.57
1190.69
1191.57
1200.73
1213.88
1213.61
1216.1
1216.96
1210.96
1206.58
1203.91
1200.82
1198.11
1200.93
1194.67
1197.26
1197.51
1196.02
1204.29
1202.22
1191.5
1198.78
1197.62
1190.01
1194.07
1193.86
1189.28
1191.08
1185.56
1173.8
1165.69
1154.05
1159.36
1171.11
1166.22
1178.84
1171.35
1172.63
1175.65
1161.17
1162.16
1156.85
1143.22
1156.38
1151.83
1162.1
1152.12
1159.95
1137.5
1152.78
1145.98
1142.62
1162.05
1173.79
1187.76
1181.21
1181.2
1191.14
1184.07
1181.39
1176.12
1172.92
1180.59
1181.41
1165.36
1174.28
1171.42
1172.53
1171.71
1183.78
1189.65
1190.21
1188.07
1197.75
1206.83
1200.08
1209.25
1207.01
1219.43
1225.31
1222.12
1210.47
1210.08
1210.41
1203.6
1211.37
1200.2
1190.8
1184.16
1201.59
1200.75
1210.34
1210.12
1206.14
1205.3
1197.01
1191.99
1202.3
1201.72
1203.03
1189.89
1193.19
1189.41
1181.27
1171.36
1174.55
1174.07
1168.41
1163.75
1167.87
1175.41
1184.63
1195.98
1184.52
1177.45
1187.7
1182.99
1190.25
1186.19
1187.89
1183.74
1188.05
1202.08
1211.92
1213.55
1213.45
1213.54
1204.92
1210.13
1209.57
1205.45
1194.65
1194.2
1203.21
1205.72
1203.38
1198.68
1188
1189.24
1182.81
1177.07
1190.25
1191.17
1190.33
1191.37
1173.82
1178.57
1182.65
1181.76
1176.94
1177.24
1170.34
1183.55
1181.94
1175.43
1183.81
1184.17
1173.48
1162.91
1164.08
1164.89
1166.17
1161.67
1143.2
1130.56
1130.51
1130.2
1127.44
1125.4
1111.09
1094.8
1095.74
1106.49
1103.66
1103.23
1114.02
1108.2
1103.29
1113.65
1121.84
1124.39
1122.14
1130.65
1142.05
1134.48
1135.17
1131.5
1114.58
1114.8
1110.06
1103.52
1110.11
1108.36
1113.56
1129.3
1122.2
1128.55
1123.5
1120.37
1128.33
1125.82
1123.92
1118.38
1116.27
1121.3
1113.63
1118.31
1105.91
1104.24
1099.15
1107.77
1105.09
1104.96
1096.19
1095.68
1098.35
1091.23
1095.17
1081.71
1079.34
1064.8
1063.23
1075.79
1079.04
1065.22
1063.97
1080.7
1098.63
1099.69
1106.62
1101.72
1100.43
1095.42
1094.83
1084.07
1086.2
1096.84
1093.88
1108.67
1100.9
1101.39
1106.69
1111.47
1115.14
1114.35
1112.81
1109.11
1118.33
1116.21
1125.38
1128.94
1140.84
1136.2
1133.35
1134.43
1140.65
1144.06
1134.41
1130.3
1135.02
1132.05
1133.56
1132.01
1125.29
1136.47
1131.33
1142.18
1140.42
1122.5
1116.64
1124.99
1121.2
1120.68
1121.28
1114.94
1113.05
1095.41
1093.56
1089.19
1088.68
1091.49
1084.1
1095.7
1096.44
1097.28
1095.45
1087.12
1098.7
1113.99
1121.53
1119.55
1117.49
1107.3
1113.89
1122.41
1138.11
1135.53
1140.6
1139.93
1124.09
1118.15
1135.82
1134.61
1128.84
1128.17
1129.44
1145.2
1139.32
1140.53
1148.16
1150.57
1141.81
1132.17
1126.21
1127
1122.47
1108.06
1109.19
1091.33
1093.95
1095.4
1109.78
1122.32
1123.75
1110.7
1104.49
1120.57
1106.78
1123.89
1140.58
1147.2
1156.86
1154.87
1151.03
1149.1
1155.97
1144.94
1144.91
1143.67
1139.09
1140.99
1144.11
1147.06
1151.82
1156.99
1145.81
1152.11
1157.76
1145.54
1139.81
1142.76
1128.59
1126.52
1136.03
1135.26
1131.13
1134.11
1128.48
1144.05
1155.37
1141.55
1143.94
1147.62
1138.77
1139.83
1132.05
1130.52
1121.22
1127.23
1121.86
1131.92
1126.33
1123.67
1122.22
1108.48
1111.92
1109.64
1109.48
1095.89
1094.04
1096.02
1092.94
1088.66
1089.18
1076.48
1075.13
1068.04
1074.14
1071.21
1059.05
1060.18
1069.3
1061.5
1069.72
1064.73
1066.62
1070.12
1058.2
1058.45
1053.89
1052.08
1035.28
1033.65
1042.44
1034.15
1043.63
1050.35
1058.41
1058.53
1046.57
1047.11
1053.21
1058.05
1051.81
1053.25
1059.02
1050.71
1046.94
1048.11
1046.79
1031.13
1028.91
1033.77
1030.36
1046.03
1044.68
1039.32
1050.07
1046.76
1049.48
1045.35
1038.06
1038.73
1033.78
1039.25
1034.35
1029.85
1020.24
1018.22
995.97
1006.58
996.85
1003.27
1009.38
1029.03
1022.82
1036.3
1039.58
1025.97
1029.32
1014.81
1018.63
1016.42
1010.92
1023.17
1031.64
1021.39
1027.97
1026.27
1021.99
1008.01
1002.84
996.79
996.73
993.71
993.06
1003.27
1000.3
1002.35
999.74
990.67
990.51
984.03
990.35
980.59
977.59
974.12
967.08
965.46
982.82
980.15
990.31
987.49
989.28
996.52
998.68
981.6
988.61
988.11
978.8
993.32
981.73
994.09
1000.42
1003.86
998.14
988.7
1002.21
1007.84
1004.42
985.7
993.75
982.32
974.5
976.22
985.82
975.32
983.45
981.64
995.69
994.7
1010.09
1011.66
1010.74
988.61
998.51
997.48
984.84
975.93
987.76
990.14
986.24
971.56
967
963.59
949.64
953.22
951.48
933.22
931.87
923.42
919.73
920.77
944.3
946.67
939.28
942.3
945.11
933.41
920.27
929.62
934.39
926.55
930.08
916.3
916.92
917.84
914.84
898.81
911.43
919.02
911.37
892.01
893.58
879.91
890.81
885.23
868.3
871.58
865.99
878.29
879.93
878.85
876.45
880.9
858.48
848.18
863.5
868.52
869.95
874.74
864.23
895.79
875.67
874.02
866.45
862.79
833.27
831.9
804.19
800.73
807.48
828.89
822.1
829.85
821.99
834.81
841.15
837.28
827.55
838.57
832.58
848.17
837.1
845.13
851.17
834.89
817.37
818.68
829.2
835.97
829.69
838.15
843.59
848.2
860.32
855.7
844.61
864.36
858.54
847.48
861.4
887.34
878.36
887.62
901.78
914.6
918.22
931.66
926.26
927.57
927.57
909.93
922.93
929.01
908.59
909.03
879.82
879.39
875.4
889.66
892.47
897.38
895.76
884.25
891.12
902.99
910.4
889.48
901.58
904.96
904.45
892
912.23
906.55
917.58
920.75
934.53
936.31
938.87
913.31
932.87
930.55
933.76
914.15
896.74
900.36
909.83
904.27
882.53
882.95
876.19
894.74
902.65
923.76
915.39
908.35
900.96
885.76
890.71
882.15
890.23
897.65
882.5
896.14
890.16
899.72
884.39
879.2
860.02
881.27
841.44
835.32
803.92
776.76
798.55
785.28
800.58
818.95
827.91
847.91
815.28
827.37
854.95
839.66
819.29
833.7
845.39
843.32
869.46
873.52
891.1
889.81
886.91
909.45
909.58
902.96
893.92
879.15
893.4
878.02
916.07
917.8
917.87
934.82
947.95
940.86
962.7
949.36
937.43
950.7
928.77
930.25
919.62
884.21
903.8
908.64
905.46
876.77
859.57
834.6
864.24
884.66
911.62
902.78
898.96
852.84
838.68
843.43
797.7
819.85
847.75
881.56
906.04
900.94
917.93
921.39
927.37
920.47
952.83
976.98
989.03
953.99
948.09
968.65
989.82
990.64
973.53
976.14
992.72
989.14
1006.29
1019.99
1037.14
1036.17
1007.27
1009.56
1020.26
1013.6
1030.74
1027.53
1029.15
1049.9
1040.69
1040.68
1067.14
1064.66
1067.66
1074.55
1083.82
1097.08
1086.02
1079.88
1091.88
1106.59
1098.23
1091.07
1097.28
1074.56
1054.99
1073.01
1088.85
1049.49
1052.67
1073.43
1084.56
1086.46
1076.92
1065.45
1076.32
1091.48
1093.14
1100.96
1107.83
1125.17
1124.47
1126.07
1128.37
1102.55
1111.01
1103.69
1130.47
1117.8
1125.29
1122.73
1126.34
1125.4
1136.76
1146.54
1147.39
1144.58
1138.49
1131.87
1148.7
1153.59
1151.85
1170.29
1165.55
1166.16
1153.04
1154.09
1165.58
1168.26
1164.31
1157.54
1162.77
1146.14
1153.84
1131.78
1106.73
1109.89
1109.38
1109.43
1089.84
1080.95
1097.98
1083.34
1104.18
1116.48
1118.51
1107.5
1111.94
1096.22
1080.17
1083.51
1090.02
1094.44
1122.2
1130.2
1113.57
1100.64
1133.06
1133.28
1132.15
1128.18
1119.31
1127.58
1138.88
1127.57
1146.19
1138.41
1145.6
1156.55
1155.14
1160.71
1164.89
1172.51
1165.27
1154.67
1148.08
1161.02
1157.13
1149.37
1144.65
1144.89
1139.93
1149.56
1142.92
1134.36
1123.09
1119.38
1137.07
1136.76
1139.93
1158.31
1167.1
1170.35
1144.8
1129.9
1139.45
1140.2
1128.52
1149.5
1157.42
1150.34
1137.03
1142.66
1151.06
1138.65
1142.24
1141.21
1139.09
1118.33
1120.31
1118.54
1115.8
1118.86
1102.84
1087.2
1084.1
1059.78
1059.79
1078.3
1104.61
1100.09
1085.2
1084.78
1089.9
1073.48
1068.61
1077.09
1097.54
1089.98
1091.65
1097.43
1080.99
1056.75
1062.44
1071.38
1069.63
1072.28
1051.33
1038.55
1040.94
1018.61
1007.04
1012.27
1003.45
965.8
984.54
1016.1
1032.74
1038.77
1092.54
1085.78
1106.4
1131.74
1132.94
1133.58
1129.03
1148.56
1161.51
1179.21
1184.93
1162.09
1165.31
1157.26
1171.41
1161.97
1181.66
1178.02
1186.73
1191.29
1190.16
1183.43
1183.53
1204.4
1200.48
1214.35
1220.75
1215.93
1211.23
1204.52
1205.82
1202.93
1190.49
1171.65
1191.03
1210.85
1215.02
1207.71
1214.44
1202.45
1215.68
1208.14
1180.18
1181.52
1198.78
1190.59
1219.24
1234.45
1236.72
1224.38
1226.2
1211.07
1216.76
1218.6
1225.35
1237.04
1223.14
1212.58
1208.43
1214.36
1219.87
1241.6
1255.85
1254.39
1264.96
1276.96
1270.03
1283.57
1267.11
1260.67
1255.82
1248.08
1267.93
1277.89
1293.17
1289.05
1309.38
1312.83
1291.96
1288.49
1284.99
1249.44
1248.92
1245.67
1255.18
1255.54
1261.2
1263.51
1266.61
1248.58
1267.43
1266.44
1249.46
1253.05
1234.52
1228.75
1209.47
1224.36
1242.98
1253.69
1238.16
1191.81
1179.68
1183.5
1165.89
1168.38
1137.59
1128.43
1151.44
1103.25
1106.46
1145.87
1160.33
1147.95
1153.29
1182.17
1152.69
1139.83
1117.58
1122.14
1142.62
1170.81
1150.53
1173.56
1166.71
1197.66
1180.16
1233.42
1264.74
1261.89
1253.8
1241.41
1234.18
1241.23
1239.94
1257.94
1267.65
1245.86
1252.82
1255.27
1278.94
1301.53
1326.61
1315.92
1318.8
1330.31
1314.76
1332.53
1340.89
1352.26
1354.31
1349.47
1373.47
1366.01
1373.73
1364.17
1354.95
1357.51
1364.3
1360.4
1342.9
1342.54
1347.97
1329.47
1326.65
1318.55
1326.82
1313.27
1300.8
1295.86
1298.35
1333.34
1347.56
1283.27
1320.28
1334.22
1328.92
1315.19
1305.95
1274.86
1264.74
1305.6
1322.74
1312.15
1340.93
1359.99
1371.18
1380.2
1369.89
1343.55
1351.46
1376.54
1324.97
1315.23
1314.95
1341.93
1336.09
1348.97
1341.77
1322.36
1347.35
1342.62
1367.72
1372.32
1389.81
1382.95
1351.26
1365.98
1400.14
1409.28
1431.87
1432.19
1426.69
1428.32
1421.22
1429.4
1398.66
1379.58
1364.44
1364.9
1398.13
1395.78
1396.93
1388.76
1342.13
1349.97
1374.62
1374.17
1329.78
1364.59
1387.02
1402.03
1408.99
1436.28
1434.32
1426.46
1436.23
1436.51
1458.29
1426.57
1427.21
1439.03
1448.72
1449.05
1451.34
1459.9
1444.51
1465.81
1480.87
1484.91
1481.99
1489.26
1494.5
1502.51
1492.25
1507.08
1520.77
1517.68
1502.59
1509.84
1514.09
1506.45
1508.31
1505.97
1498.13
1499.48
1491.72
1496.07
1479.85
1484.43
1491.56
1471.84
1460.25
1472.87
1482.8
1479.32
1462.93
1452.56
1438.7
1438.1
1430.83
1419.89
1449.62
1452.42
1474.47
1464.29
1480.19
1495.57
1481.96
1493.74
1510.49
1509.98
1495.84
1492.92
1480.88
1475.62
1478.9
1456.67
1446.23
1469.54
1454.6
1442.39
1454.82
1450.55
1455.31
1441.48
1452.18
1479.13
1475.95
1486
1464.46
1478.73
1470.54
1469.44
1446
1456.95
1461.67
1471.36
1457.84
1467.63
1477.26
1448.81
1420.6
1422.45
1378.02
1381.52
1399.05
1373.86
1400.72
1406.95
1437.21
1447.8
1466.04
1452.36
1420.96
1407.81
1383.05
1412.14
1424.17
1432.63
1409.57
1415.1
1446.29
1468.25
1452.43
1464.92
1460.99
1477.44
1429.86
1434.54
1427.47
1441.61
1401.44
1356.56
1440.51
1467.17
1500.59
1504.46
1516.35
1501.34
1487.37
1494.73
1505.97
1498.58
1487.92
1508.52
1507.73
1523.86
1527.46
1527.35
1500.64
1493.87
1456.63
1464.47
1458.47
1392.14
1359.15
1383.62
1395.07
1401.69
1366.7
1355.62
1391.28
1409.17
1381.76
1379.19
1366.42
1348.05
1333.36
1353.43
1360.69
1352.17
1346.09
1388.26
1387.67
1402.05
1389.94
1387.12
1416.83
1411.71
1441.72
1424.24
1424.37
1424.97
1409.12
1409.28
1394.46
1360.16
1398.56
1404.09
1410.03
1401.53
1441.36
1445.57
1455.9
1455.14
1465.15
1449.68
1432.25
1438.56
1457.6
1441.47
1403.45
1402.11
1399.42
1455.22
1469.25
1464.47
1463.46
1457.66
1457.1
1458.34
1436.13
1433.43
1418.09
1421.03
1418.78
1413.33
1403.17
1415.22
1417.04
1408.11
1403.88
1409.17
1423.33
1433.3
1409.04
1397.72
1388.91
1407.83
1416.62
1417.08
1404.64
1420.94
1422
1424.94
1410.71
1420.07
1394.39
1396.06
1381.46
1373.46
1365.28
1377.01
1370.23
1362.64
1354.93
1347.74
1354.12
1362.93
1342.44
1296.71
1281.91
1293.63
1301.65
1283.61
1289.43
1261.32
1254.13
1247.41
1283.42
1285.55
1313.04
1335.21
1336.02
1317.64
1325.4
1301.35
1304.6
1282.81
1282.71
1268.37
1282.2
1283.31
1277.36
1280.41
1310.51
1307.58
1335.53
1335.42
1318.48
1317.97
1336.29
1344.13
1351.66
1347.66
1344.15
1350.45
1357.24
1319.11
1331.07
1320.41
1324.02
1348.27
1362.01
1381.79
1363.5
1360.22
1336.61
1323.59
1332.84
1344.16
1330.77
1327.68
1298.16
1301.93
1281.43
1297.8
1300.29
1313.71
1305.33
1322.18
1328.05
1328.72
1341.03
1365.4
1362.84
1347.76
1356.94
1360.97
1379.29
1377.1
1407.65
1418.78
1409.62
1398.17
1393.56
1399.1
1403.28
1394.42
1395.86
1388.12
1391.22
1380.96
1372.71
1351.45
1331.35
1315.31
1315.78
1333.06
1335.88
1349
1342.84
1339.9
1330.41
1301.16
1294
1293.64
1302.82
1318.64
1317.33
1334.52
1327.75
1299.54
1294.81
1294.26
1301.84
1281.41
1304.76
1284.4
1306.65
1330.29
1338.83
1344.23
1333.32
1339.49
1337.8
1367.56
1364
1355.61
1340.3
1345
1332.05
1347.31
1332
1354.63
1335.18
1342.83
1350.91
1362.8
1360.04
1356.85
1358.82
1336.12
1306.17
1289.48
1319
1322.85
1328.44
1349.82
1358.63
1348.35
1343.98
1326.89
1317.89
1321.12
1293.72
1286.37
1300.75
1310.17
1282.8
1289.99
1268.59
1262.14
1297.01
1299.29
1316.55
1297.82
1306.38
1307.26
1294.59
1297.68
1286.84
1279.84
1282.73
1275.47
1246.64
1227.7
1225.5
1236.16
1238.33
1245.02
1253.41
1271.18
1272.14
1239.22
1237.28
1224.03
1241.87
1230.13
1254.04
1223.55
1216.14
1243.77
1239.4
1248.49
1272.07
1261.99
1273
1279.64
1265.37
1243.17
1252.31
1233.98
1225.19
1235.16
1256.62
1252
1243.26
1212.19
1234.4
1239.51
1263.88
1275.09
1269.73
1272.34
1244.78
1228.1
1229.23
1231.93
1241.81
1225.49
1226.27
1228.54
1203.57
1202.84
1188.03
1179.98
1161.94
1162.83
1141.2
1166.46
1165.02
1183.49
1181.38
1187.7
1176.74
1150.14
1171.25
1175.28
1163.63
1192.33
1186.87
1182.99
1188.21
1163.55
1152.61
1144.48
1139.32
1135.87
1125.72
1117.69
1120.97
1128.26
1130.2
1141.01
1133.85
1118.67
1110.84
1111.6
1098.67
1085.93
1068.09
1065.34
1072.32
1070.67
1078.48
1069.92
1063.93
1062.39
1056.42
1047.49
1005.53
994.8
997.71
984.39
959.44
970.68
984.59
988.56
1002.6
986.39
1017.01
1049.02
1048.69
1044.75
1042.72
1066.09
1029.63
1023.89
1020.09
1018.87
1045.48
1037.68
1029.72
1009.06
980.19
1006.2
1023.46
973.89
982.26
990.48
994.26
957.28
1027.14
1042.59
1084.19
1092.85
1088.14
1081.24
1091.6
1098.06
1101.2
1083.67
1062.75
1074.91
1084.22
1068.98
1083.14
1089.45
1089.63
1081.43
1072.12
1112.44
1120.67
1142.95
1125.21
1130.24
1147.27
1140.8
1139.75
1164.08
1165.07
1184.1
1186.75
1183.99
1174.81
1177.58
1165.19
1164.33
1158.56
1166.38
1154.66
1157.33
1146.42
1148.56
1133.84
1138.49
1133.2
1129.28
1132.88
1119.49
1103.21
1100.65
1106.37
1107.11
1087.59
1077.01
1098.84
1094.58
1112.28
1118.41
1115.72
1113.86
1094.83
1082.73
1093.22
1090.98
1090.82
1097.6
1092.23
1094.02
1110.47
1114.64
1119.06
1109.52
1105.82
1108.73
1117.37
1118.86
1115.79
1106.64
1108.14
1095.14
1104.92
1115.5
1122.07
1121
1111.75
1094.62
1085.11
1086.54
1107.9
1119.58
1130.54
1126.67
1123.65
1122.72
1108.17
1119.32
1115.75
1109.69
1110.67
1101.65
1109.55
1121.38
1122.7
1120.01
1108.15
1101.75
1093.6
1095.44
1100.8
1101.93
1105.65
1095.55
1099.16
1089.74
1085.52
1080.45
1079.27
1068.61
1069.92
1068.47
1064.25
1052.31
1055.69
1035.05
1047.33
1052.02
1047.7
1049.34
1048.67
1042.9
1030.56
1038.14
1034.21
1028.28
1032.08
1022.76
1020.09
1024.14
1020.01
1019.01
1010.74
1012.46
1003.54
1006.9
1006
1001.27
980.28
985.49
977.46
969.02
956.95
957.59
963.04
970.81
978.6
961.51
950.73
957.94
952.12
939.21
927.69
956.05
964
966.58
977.07
975.04
970.43
970.84
953.35
936.46
932.7
939.13
953.7
946.78
955.3
965.54
968.04
963.39
953.39
954.94
969.79
975.78
982.37
983.79
973.1
976.77
971.68
974.77
955.4
951.64
950.82
946.67
963.09
958.98
944.59
938.23
946.2
928.35
916.66
905.96
923.78
921.13
927.51
938.03
942.76
940.76
938.99
914.62
903.68
919.16
921.85
876.99
941.64
950.69
968.49
972.28
955.61
944.16
955.25
965.72
970.28
968.1
966.98
970.62
973.84
983.12
972.69
965.03
960.46
955.41
947.28
953.34
945.22
937.91
944.48
951.93
955.43
950.51
947.29
943
945.64
919.77
923.91
912.59
919.03
933.62
931.2
929.05
930.87
927.86
927.58
899.47
903.67
913.7
913.02
920.16
923.54
925.05
939.35
926.01
912.49
900.81
924.77
922.02
926.53
937
933.54
951.19
960.32
952.37
950.3
947.14
954.31
952.29
942.29
936.45
938.79
940.3
936.56
933.98
912.94
915.3
931.61
936.59
925.76
918.38
916.68
913.78
907.54
918.75
912.2
916.92
904.03
891.03
885.14
887.3
883.68
888.99
896.34
878.62
898.7
897.99
889.06
894.42
893.9
893.27
883.46
869.57
865.27
862.91
858.01
843.43
840.11
845.48
846.36
848.28
844.08
847.21
849.71
847.03
835.66
839.35
841.66
833.27
829.75
841.88
836.04
833.13
837.66
824.78
820.26
815.62
827.76
830.29
812.97
798.53
801.34
794.05
772.96
765.37
771.18
773.64
774.61
760.37
766.34
761.77
763.53
754.72
743.73
737.65
758.34
760.6
766.12
762.13
757.9
750.32
750.11
759.64
757.12
773.88
790.5
789.07
790.89
784.1
782.65
785.77
789.66
795.71
793.17
789.56
804.26
811.34
813.65
804.97
798.56
801.99
790.95
795.31
790.82
795.07
805.68
812.03
810.28
801.77
802.8
812.49
816.29
808.48
811.82
802.77
789.59
785.43
789.56
780.15
778.28
789.26
786.73
786.16
784.17
772.5
765.02
765.02
770.52
777.56
786.23
782.72
776.7
776.17
769.75
767.2
768.86
759.51
759.5
754.85
748.41
753.23
747.65
748.03
737.01
740.74
753.85
756.79
755.82
751.03
746.92
748.87
745.76
731.54
726.04
720.98
728.64
729.3
740.73
747.54
749.76
739.6
744.38
745.1
748.28
756.56
757.02
755
755.96
757.03
748.73
742.75
743.95
742.16
737.02
737.62
735.88
731.13
729.56
731.87
730.82
727.65
724.59
714.14
706.73
703.77
705.27
700.9
701.5
697.26
700.92
702.29
707.27
706.57
709.85
710.82
706.99
704.41
702.57
703.54
700.66
694.61
696.74
700.64
703.34
701.46
692.78
694.01
689.08
687.33
686.19
685.86
685.83
685.61
686.48
687.03
683
681.47
682.94
683.98
680.54
671.15
667.28
663.81
663.76
655.68
649.44
655.61
654.72
651.99
657.4
664.81
666.4
663.88
667.03
670.68
665.07
665.69
666.58
665.21
662.28
662.05
660.2
665.77
662.1
662.59
664.16
662.38
660.23
662.49
650.02
639.95
635.26
630.91
635.9
631.17
626.65
626.87
633.77
638.73
643.56
634.07
628.37
629.8
646.19
645.67
656.06
654.75
652.54
657.44
672.4
673.61
675.88
670.63
668.55
664.39
668.48
668.85
666.84
662.1
661.96
662.06
665.16
665.85
667.92
669.04
670.97
672.16
673.31
673.03
678.44
672.56
667.68
669.12
671.7
667.93
672.23
678.51
676
678.42
672.76
673.15
668.91
664.85
665.42
665.6
661.51
652.09
645.44
644.77
638.26
640.81
641.63
643.38
654.58
654.17
654.16
653.46
652.87
650.17
651.58
647.89
645.07
643.61
641.61
645
642.49
636.71
631.18
633.5
642.19
644.24
655.86
655.88
655.26
653.73
645.5
648.94
648.91
652.97
650.04
650.62
649.19
649.98
651.69
652.65
641.43
640.87
638.55
637.09
640.02
633.5
653.65
652
655.79
650.81
644.37
640.43
644.75
647.24
650.46
659.08
658.86
648.1
640.65
647.98
651.32
655.58
660.51
661.45
656.37
656.07
649.93
646.33
641.43
635.84
638.46
636.02
630.15
624.22
621.62
617.03
619.96
612.79
613.4
611.83
608.24
606.37
608.44
599.82
601.81
602.69
598.48
609.45
618.46
616.71
617.7
621.32
620.73
615.93
614.12
614.53
614.3
611.95
610.49
605.94
611.93
606.81
616.34
616.92
621.69
618.78
619.52
617.48
616.17
620.18
617.68
613.68
606.98
605.37
607.64
606.45
601.32
599.97
598.4
600.24
596.85
600.07
597.34
593.96
589.29
592.3
592.72
593.26
591.71
586.32
588.46
590.57
589.72
584.22
581.5
583.25
579.7
576.72
582.47
586.54
585.06
587.46
590.65
587.44
586.78
583.03
584.5
583.1
579.46
577.52
578.37
582.49
582.63
581.47
582.34
581.72
584.41
585.87
581.04
581.41
581.81
581.73
583
586.77
584.2
582.77
583.35
583.61
578.77
576.51
573.91
572.68
570.29
570.17
569.17
563.84
561.88
560.92
560
559.05
560.1
557.46
557.14
559.52
558.11
559.21
559.04
559.97
558.57
559.74
555.11
557.45
559.71
560.39
560.03
558.94
558.75
558.8
559.64
562.06
562.93
565.22
561.61
561.1
556.63
553.62
553.54
550.98
558.46
562.72
559.89
561
560.89
554.78
557.19
556.37
553.99
547.26
547.09
544.75
543.87
544.73
542.43
544.13
549.71
551.07
543.98
544.98
545.22
539.83
537.12
536.47
536.05
530.88
527.94
532.35
533.13
535.55
535.6
532.51
533.49
533.4
523.58
523.65
528.59
528.61
528.59
523.65
519.19
519.58
527.07
528.19
527.74
525.55
524.37
524.36
523.56
523.96
520.12
520.54
520.48
514.86
514.26
514.71
513.55
512.66
512.1
512.89
508.49
505.29
504.92
505.37
506.13
509.23
507.17
505.53
507.01
506.42
506.08
505.57
505.24
501.85
500.71
502.22
503.12
503.9
503.2
500.97
495.95
495.67
495.07
496.14
495.52
495.41
491.88
492.89
490.05
489.57
483.16
483.14
482.12
485.63
485.42
485.13
485.65
487.39
483.81
488.11
486.91
485.07
482.72
481.97
485.22
484.54
482.55
481.65
481.46
480.19
481.19
480.81
481.14
478.65
472.79
470.4
470.42
468.51
470.39
468.32
467.44
465.86
465.82
464.78
466.95
469.71
470.05
469.38
465.97
461.64
461.66
461.68
460.83
460.68
460.34
460.71
459.11
459.27
461.17
460.86
462.47
459.83
459.68
459.61
457.1
457.91
458.8
455.34
454.97
450.15
449.47
446.96
445.45
451.23
453.11
453.32
453.3
448.92
453.69
455.17
454.16
452.29
449.93
450.09
458.3
461.47
463.57
465.62
465.03
466.04
462.35
464.37
465.4
465.65
463.07
462.28
467.91
466.51
468.42
472.35
473.77
465.85
462.62
461.53
460.83
464.89
466.85
470.28
467.66
468.96
469.1
467.79
465.47
465.79
459.04
455.1
452.36
453.52
454.59
461.74
462.71
462.24
464.84
462.05
460.82
459.67
461.27
461.46
463.36
470.85
471.19
474.81
468.8
467.51
466.21
468.18
473.14
470.99
471.86
470.99
473.17
475.49
476.07
474.59
473.8
468.08
469.03
464.51
462.32
463.68
463.17
465.17
465.01
461.23
461.94
458.88
460.3
457.92
457.89
457.09
458.4
461.45
460.56
461.01
458.26
454.24
452.57
453.36
454.25
453.11
452.61
451.6
453.86
455.22
454.16
453.41
448.73
447.95
448.06
449.55
448.38
446.13
446.37
446.2
444.27
447.63
446.07
447.31
442.8
449.63
453.09
451.34
455.48
458.45
461.93
460.61
462.37
459.1
458.67
457.86
457.06
458.21
458.88
460.13
457.65
457.63
456.5
457.33
457.06
456.34
454.81
453.2
454.92
456.48
453.69
449.37
444.49
444.14
443.75
441.49
446.01
442.32
447.82
451.38
451.72
453.03
453.02
450.91
449.1
451.87
452.71
447.63
448.73
441.96
442.54
442.46
446.18
446.38
446.26
447.57
449.87
447.1
450.88
448.05
448.29
438.92
445.77
445.55
452.48
460
460.58
464.35
468.54
468.8
468.54
471.06
470.9
469.42
467.01
467.39
466.44
463.9
467.06
465.88
466.91
464.74
463.01
464.81
464.44
467.14
466.07
464.26
470.69
471.46
467.69
470.34
472.79
472.52
470.23
470.18
468.93
472.77
471.05
471.76
469.81
480.71
482
479.62
481.61
478.7
477.05
473.2
470.92
471.97
474.72
474.98
474.3
474.25
473.3
474.91
472.47
474.17
474.13
475.27
469.9
467.12
467.55
466.89
465.44
466.45
468.64
470.58
470.94
470.54
467.38
467.32
465.3
465.85
466.38
463.34
461.84
463.06
465.7
463.93
464.18
466.29
466.76
466.43
464.89
463.11
461.89
461.79
461.9
463.06
462.36
461.03
459.13
462.6
463.62
464.81
466.74
463.75
465.39
462.64
463.72
460.33
460.21
459.57
457.49
463.02
468.44
469.1
467.83
467.73
464.61
464.3
464.2
463.27
465.36
466.07
466.21
468.45
469.5
466.83
461.49
461.12
460.88
460.31
459.18
460.74
461.2
461.34
461.28
458.93
460.11
461.53
461.8
457.63
457.74
456.2
452.95
455.05
458.83
459.43
461.6
459.9
462.06
461.72
457.5
456.65
458.52
461.34
461.3
463.15
463.56
461.9
460.54
461.04
460.13
459.77
455.23
456.16
456.43
456.04
453.13
452.38
450.14
448.96
450.46
449.45
450.72
448.68
448.13
448.54
449.27
450.15
448.13
450.24
447.19
448.24
449.09
447.1
444.51
447.18
447.31
446.03
445.75
449.22
450.08
448.09
448.98
448.11
448.64
442.83
441.43
445.84
449.02
450.53
450.69
451.85
447.6
446.62
443.19
445.93
446.22
443.68
448.54
447.43
446.27
447.71
447.26
445.38
445.78
444.71
447.69
450.06
452.49
453.85
453.83
450.19
452.41
453.44
448.85
448
445.84
450.59
447.57
440.32
440.37
439.56
439.23
444.8
444.36
442.8
442.31
443.26
444.52
444.05
442.46
440.19
438.89
438.02
438.01
433.54
437.03
439.46
443.63
445.1
447.46
448.94
448.4
448.66
449.22
448.37
441.84
442.73
441.16
442.29
441.39
450.3
451.67
451.97
450.77
447.78
450.88
448.07
448.76
448.88
450.18
451.89
448.31
451.37
451.43
449.83
453.72
456.33
454.4
454.71
446.11
447.34
449.26
447.9
442.01
443.38
442.34
440.87
434.8
435.24
434.22
431.9
433.3
433.91
444.58
447.66
446.23
445.33
447.85
448.93
449.56
447.2
442.55
442.52
438.78
438.66
438.11
439.95
440.01
436.11
435.49
433.37
435.13
436.84
437.15
435.94
433.03
431.04
430.95
429.05
430.73
434.52
434.34
435.38
435.71
438.82
437.98
439.15
439.77
439.03
440.31
440.7
441.28
435.43
431.52
432.57
432.84
433.73
434.64
435.65
436.99
435.31
432.06
429.91
429.89
430.78
431.35
430.16
429.19
427.59
425.12
426.65
423.61
422.85
419.27
420.68
422.43
422.87
422.2
418.62
418.59
417.58
418.34
417.11
419.92
422.75
418.68
420.86
420.13
418.49
418.16
414.1
414.9
415.67
415.48
414.98
411.73
409.6
409.37
409.3
407.44
402.66
407.75
404.25
407.18
407.57
410.47
416.29
417.8
416.8
416.62
414.35
418.47
417.44
417.14
422.14
422.93
419.93
419.92
419.77
425.27
419.58
419.95
416.36
414.44
417.08
417.98
417.98
416.07
414.03
414.84
413.53
413.51
411.61
410.72
414.85
418.26
418.19
421.34
420.74
419.91
417.73
417.78
418.9
419.42
418.88
420.59
422.19
424.36
425.09
424.21
423.92
422.23
417.52
411.54
411.6
412.08
410.93
413.76
413.75
415.62
417.54
417.1
417.68
414.87
414.62
414.23
410.28
409.16
413.84
411.77
412.88
408.14
408.94
403.45
403.12
403.84
404.04
403.4
403.67
400.96
402.26
408.32
410.29
409.76
409.05
407.25
410.06
413.36
413.48
413.26
414.59
413.5
417.3
415.35
416.74
412.17
411.41
414.02
412.6
415.39
416.37
412.81
410.09
413.14
416.45
416.29
418.49
416.05
415.85
416.79
416.84
416.91
412.53
414.95
412.02
409.11
408.45
409.02
411.6
409.81
410.26
410.18
416.04
416.28
412.39
406.08
404.29
400.64
394.5
398.06
405.59
401.55
400.5
404.23
403.69
403
403.5
407.86
407.52
408.88
409.91
411.3
409.8
409.15
409.58
406.39
405.84
403.89
404.03
406.89
405.21
404.44
406.51
409.33
412.85
412.45
412.7
413.86
415.35
410.45
412.27
411.43
413.9
408.26
407.38
412.48
413.69
417.13
413.76
413.77
411.09
413.82
413.84
413.85
409.53
408.78
411.62
410.34
414.96
414.99
415.48
414.96
418.13
412.64
416.36
418.86
418.21
420.77
420.44
414.34
415.1
417.61
418.1
417.4
417.96
419.34
417.26
417.09
415.14
406.46
404.84
399.33
396.82
387.04
382.52
383.48
382.74
384.46
384.47
381.55
377.7
377.9
378.26
379.1
377.39
380.07
380.96
381.4
375.22
376.55
377.96
375.34
376.14
380.06
378.53
379.42
385.24
382.62
397.15
397.41
396.74
393.12
392.89
393.72
389.97
388.71
390.28
391.32
392.45
392.96
391.48
389.52
384.2
385.07
387.94
387.83
390.02
392.5
391.92
392.8
391.01
386.47
381.45
380.55
376.8
380.67
379.5
381.25
384.47
388.26
389.2
387.86
385.9
386.49
386.88
387.71
385.92
387.92
387.56
386.94
385.5
385.78
383.59
387.34
385.09
384.56
388.57
389.1
389.14
389.97
392.15
395.43
396.47
396.64
393.06
393.85
394.17
391.33
390.59
379.43
376.47
385.58
389.33
389.9
389.62
388.02
387.12
389.32
390.56
390.62
385.06
387.18
387.12
387.81
386.69
383.15
380.93
380.96
378.64
379.42
382.88
384.22
385.37
381.18
381.54
382.39
380.25
376.97
375.74
376.11
377.94
374.08
373.33
377.47
377.92
371.16
374.4
371.59
370.65
370.94
377.75
375.42
375.09
378.59
380.13
382.29
377.63
376.65
381.05
378.57
379.43
383.63
385.09
387.74
388.06
389.83
386.96
382.79
381.94
377.49
374.96
376.19
375.35
372.28
372.39
372.19
368.57
371.62
376.76
375.74
383.25
378.51
377.32
380.08
380.8
380.52
380.29
375.34
373.66
379.02
379.25
382.76
381.76
380.95
384.2
388.46
390.45
387.62
381.19
380.4
377.63
373.15
373.56
378.66
375.36
379.77
378.94
379.5
371.3
375.22
375.35
376.3
369.83
367.48
366.58
367.92
366.59
372.11
373.59
373.5
374.57
370.03
372.96
374.95
375.91
376.17
376.72
369.33
370.47
367.07
367.74
362.81
367.26
365.65
364.97
365.14
369.39
369.06
364.22
369.02
365.5
368.58
359.35
356.52
358.07
351.26
348.34
343.05
343.93
340.91
335.84
336.03
336.07
334.78
330.21
328.31
331.06
332.23
327.97
316.17
313.73
312.49
315.23
314.53
311.49
314.9
315.44
321
321.91
326.45
330.22
328.72
328.29
330.85
329.9
331.75
330.12
330.2
330.05
326.02
326.82
329.34
330.19
326.44
328.89
327.75
329.07
329.92
326.35
324.1
322.22
316.42
317.95
318.1
316.51
315.1
316.03
315.31
319.34
317.12
317.02
320.4
317.67
319.48
313.74
307.61
306.01
311.62
314.59
311.85
307.02
304
304.06
301.88
304.71
310.17
312.6
312.36
314.76
312.48
305.74
298.76
298.92
303.23
300.03
295.46
300.39
305.1
313.48
311.5
312.69
311.4
315.21
314.94
306.05
300.97
305.06
308.26
304.59
311.32
311.48
316.6
318.6
317.77
316.83
318.65
322.54
321.04
321.63
323.4
320.46
324.39
323.09
322.56
318.71
324.19
321.34
321.44
311.51
307.06
316.55
321.86
328.51
327.83
332.39
340.06
339.39
338.84
335.52
339.94
338.35
334.83
334.43
344.86
351.48
355.52
356.15
355.55
353.44
355.91
357.09
355.79
355.31
361.61
365.32
364.22
367.52
368.95
367.31
365.44
361.23
356.49
359.52
358.42
355.68
360.16
359.54
358.02
357.63
355.14
352.06
352.31
355.43
360.47
359.1
358.47
356.88
362.91
362.9
364.9
366.25
361.63
358.71
363.15
364.96
366.64
367.4
363.16
361.23
360.86
360.65
354.58
358.41
359.29
358.43
358
354.64
354.47
354
354.28
354.75
352
343.82
342.86
342.01
340.53
338.39
335.57
334.48
332.25
330.8
329.11
332.92
332.03
330.36
331.05
335.12
338.09
340.72
344.68
344.74
344.34
341.92
342.07
341.37
340.08
340.73
341.09
343.64
338.7
339.94
340.79
342
341.5
337.63
337.22
335.69
339.74
341.57
343.53
341.91
338.07
336.87
336
338.67
337.93
340.27
336.95
337.93
333.74
335.54
332.74
331.89
330.26
328.67
324.15
325.7
327.67
327.99
332.72
334.89
332.01
331.02
330.08
333.62
332.96
333.75
329.66
331.85
330.92
328.79
329.08
322.98
325.2
325.8
326.08
330.26
331.61
330.38
339.15
338.19
337.4
340.75
337
339.93
348.53
347.31
349.62
353.79
352.2
355.67
358.76
359.69
353.4
350.67
348.81
346.81
347.42
344.78
342.84
342.46
343.69
350.14
350.93
352.75
351.73
348.56
348.69
347.59
348.55
349.58
351.41
350.63
345.99
343.6
345.77
345.61
343.97
341.91
339.59
339.35
341.61
340.58
340.54
337.99
339.55
339.1
336.57
338.15
334.81
332.61
337.62
338.48
341.2
340.36
335.07
335.06
337.93
342.5
343.7
344.83
347.16
347.13
341.76
341.16
342.85
333.65
355.39
356.99
359.13
359.8
358.78
356.97
356.94
354.71
350.87
349.15
348.6
345.1
344.33
344.23
347.05
345.7
346.47
346.55
346.73
345.06
343.16
345.46
348.7
347.66
348.76
348.35
349.24
352.56
353.73
351.45
350.65
349.84
352.09
350.52
351.52
344.7
341.19
340.67
346.03
344.45
345.66
344.71
343.06
344.74
348.25
346.94
349.35
349.41
343.92
344.74
344.34
343.75
346.08
342.15
341.99
338.05
333.88
333.67
335.9
333.51
335.73
331.35
332.44
331.84
329.95
329.81
328.78
327.07
324.91
321.55
320.64
319.23
317.98
319.68
325.81
328.44
326.6
328
322.32
320.48
321.25
321.89
321.35
320.08
323.83
323.91
326.24
326.69
326.75
326.95
324.24
322.03
325.52
321.97
320.52
319.05
321.59
319.17
319.14
318.32
321.98
321.24
317.97
317.48
315.28
316.16
313.84
306.95
305.8
305.19
306
307.61
307.77
308.16
308.12
309.12
309.64
309.58
306.93
306.75
308.69
309.61
306.19
307.15
306.02
301.72
301.36
296.4
298.99
298.49
297.11
297.16
295.29
296.24
295.31
296.39
294.87
292.52
292.35
291.59
290.57
288.98
290.49
291.33
289.92
292.69
299.44
296.67
295.14
295.32
292.88
293.93
294.08
293.87
294.81
291.18
289.95
287.11
288.86
287.82
287.13
292.05
290.91
295.98
296.76
294.81
294.24
291.81
292.54
292.02
296.06
298.65
299.63
296.04
296.97
296.84
297.09
297.47
294.99
293.82
291.69
289.14
288.49
284.5
286.63
286.91
286.53
283.55
284.14
283.87
283.17
282.01
280.38
280.98
280.67
280.01
279.43
275.31
277.72
279.4
277.08
276.83
277.87
276.87
277.38
277.47
278.91
276.29
274.28
275.31
276.31
276.52
277.03
276.59
278.13
277.59
274.93
271.81
272.49
273.7
270.91
268.64
267.23
269
267.21
266.22
266.47
264.6
263.82
268.34
267.72
267.92
273.69
273.33
275.15
273.93
276.31
279.2
279.06
279.06
278.97
278.53
277.28
281.38
282.38
282.28
283.66
282.88
276.97
279.38
276.41
275.5
275.22
273.98
277.93
278.24
278.07
272.39
271.86
270.62
271.38
271.91
272.59
269.08
268.26
268.88
269.76
269.18
270.16
269.73
268.82
270.65
268.13
269.31
267.43
266.47
266.84
265.88
265.87
265.59
264.48
258.35
261.52
262.51
262.33
259.68
259.18
261.13
257.09
256.98
260.24
261.03
260.77
260.56
258.69
262.55
262.75
261.9
266.49
269.98
271.15
271.93
272.98
272.06
272.21
272.02
266.02
262.5
265.19
264.68
263.5
266.66
270
268.47
270.51
272.05
270.26
269.32
267.85
270.55
270.02
271.78
272.02
275.81
271.78
273.5
270.98
272.31
269.06
273.78
274.82
275.66
271.67
268.94
270.68
269.77
274.45
274.3
271.43
271.26
270.2
271.52
265.17
267.05
266.45
265.33
266.69
262.16
253.42
254.63
253.76
253.51
250.83
253.02
252.57
251.35
255.39
258.71
256.78
253.85
253.31
257.62
256.54
257.48
258.79
260.32
263
261.56
261.33
262.61
263.8
263.93
262.51
260.14
256.42
256.13
257.92
259.21
259.77
259.75
271.58
271.37
270.16
269.43
266.16
265.49
258.51
256.09
258.89
258.07
260.07
258.06
258.51
263.35
268.91
268.84
268.74
271.12
271.22
268.65
266.13
266.37
264.94
263.84
269.06
269.43
267.38
267.3
267.88
267.98
267.22
267.82
262.46
261.58
264.43
265.02
265.64
261.61
257.91
259.21
259.83
257.63
255.95
256.66
251.72
249.1
250.96
252.21
252.21
255.57
255.04
257.07
253.29
249.38
249.57
252.17
246.5
243.14
242.63
249.32
251.88
252.05
245.88
245.81
245.42
247.49
243.4
261.07
258.89
258.63
255.94
247.08
247.86
244.59
245.57
252.03
253.16
249.95
249.54
249.16
242.98
248.08
242.81
242.19
235.32
233.57
238.89
234.91
228.76
223.92
225.21
233.45
232
230.3
240.34
244.1
246.39
242.99
242
240.05
245.55
243.04
246.76
245.64
248.52
241.9
239
243.17
250.41
254.48
248.96
250.82
255.75
251.79
244.77
233.28
233.19
227.67
248.22
248.25
258.38
236.83
224.84
282.7
298.08
305.23
314.52
309.39
311.07
314.16
318.54
319.22
328.08
328.07
327.33
321.83
321.69
323.2
320.16
319.72
321.19
319.5
310.54
314.86
314.93
314.86
317.74
323.08
321.98
317.13
313.92
313.56
316.7
320.21
321.68
323.4
329.8
327.04
331.38
334.57
336.77
333.33
335.9
334.84
329.83
329.25
334.11
333.99
334.65
332.39
333.33
328
323
322.09
318.45
316.23
317.57
318.66
318.05
315.65
312.33
310.65
309.27
307.81
308.47
308.55
311.39
314.59
312.7
310.42
310.68
307.63
308.37
307.52
308.29
307.4
304.92
305.63
302.94
304
307.9
307.16
308.96
306.86
308.43
309.65
306.97
305.69
304.81
304.76
303.14
301.62
298.73
297.47
297.28
296.72
293.45
295.09
293.47
288.46
289.83
290.1
290.76
288.73
289.11
282.16
280.17
278.21
279.62
286.65
287.43
294.24
293.98
293.3
291.57
293.37
294.71
295.47
295.34
289.36
288.03
288.36
284.57
282.51
281.83
281.52
286.82
287.19
293.07
286.09
286.91
284.44
279.16
285.62
292.49
292.86
297.26
296.69
301.95
300.41
293.63
292.38
291.7
289.2
296.13
300.93
300.38
301.64
301.16
298.17
294.08
292.78
292.47
288.23
289.89
291.22
290.31
290.86
288.3
290.66
290.52
288.62
284.12
283
284.2
282.96
284
282.88
282.38
285.48
285.57
285.42
285.49
279.7
275.62
277.54
275.07
278.16
280.04
281.16
279.64
275.99
276.45
274.08
274.24
275.4
273.75
269.61
270.1
273.91
267.84
269.04
269.34
266.28
265.49
262.64
259.95
260.3
258.73
257.28
255.33
252.78
252.19
246.45
242.17
243.37
244.67
246.92
246.75
246.34
248.75
249.73
246.78
247.56
250.04
248.21
247.35
248.17
250.96
249.28
251.16
251.17
253.04
253.85
254
249.05
249.22
248.77
248.17
247.45
245.86
242.05
237.66
236.78
243.21
244.5
243.02
246.64
247.08
246.13
245.77
245.87
246.58
246.2
245.8
243.98
243.71
240.94
239.26
238.77
238.26
239.28
236.26
235.88
235.97
238.84
239.53
238.8
235.37
235.91
235.48
235.85
236.68
234.41
234.78
233.71
233.92
233.6
231.32
229.91
232.23
231.83
236.28
235.67
234.93
232.21
232.31
231.68
231.72
231.94
230.67
235.18
247.06
247.67
248.14
250.47
253.83
250.08
248.52
252.93
252.84
253.3
252.84
247.81
250.19
249.67
249.77
246.51
247.38
247.15
246.25
245.67
243.34
240.68
236.88
237.04
236.84
237.03
235.99
234.91
236.12
236.59
234.55
236.01
240.22
237.95
238.67
238.18
236.24
236.36
236.07
235.01
233.66
238.11
242.22
243.01
242.82
241.59
244.05
251.79
252.7
252.04
250.84
249.6
248.74
248.93
247.03
245.26
247.58
244.06
244.99
244.35
246.13
245.73
241.49
241.13
239.58
239.96
245.67
245.65
243.94
245.51
245.04
247.35
247.98
246.63
244.75
241.35
240.12
235.45
236.11
233.2
232.76
234.43
237.54
236.41
237.58
237.85
237.13
236.08
237.24
237.73
234.79
235.16
235.52
240.51
243.08
242.29
242.02
241.75
242.42
244.74
242.38
243.03
242.22
237.73
237.28
235.97
236.44
233.75
233.52
228.63
228.69
232.47
235.71
235.14
238.9
238.97
237.3
234.72
235.33
233.34
236.54
235.6
235.78
234.67
236.55
233.19
232.54
231.69
226.58
225.57
225.13
224.34
224.38
225.42
226.92
226.77
224.04
223.79
224.34
224.62
222.22
219.76
222.45
219.76
217.4
215.97
215.92
216.24
214.56
213.47
212.96
212.79
213.96
211.78
209.33
210.29
209.81
207.39
206.43
204.25
203.49
205.79
207.53
208.43
209.17
208.26
206.64
206.72
205.96
206.11
207.97
213.8
210.65
210.88
209.59
211.28
210.68
209.61
207.65
207.14
208.57
210.94
210.02
209.81
210.65
212.02
209.94
206.73
206.31
204.39
204.25
202.99
203.88
204.23
200.86
200.46
202.17
202.54
200.67
200.35
201.52
201.41
198.99
198.67
198.71
198.11
199.06
197.1
198.08
197.28
193.72
192.62
192.76
192.37
191.25
191.53
189.82
190.07
189.23
187.76
187.52
188.5
189.09
188.04
186.96
187.04
187.66
187.98
186.08
186.37
184.28
182.78
182.52
181.87
181.87
183.22
184.36
184.06
185.07
182.08
181.29
180.66
182.62
184.3
182.05
183.39
181.71
181.36
182.88
182.91
183.69
185.03
186.9
188.25
188.24
187.27
187.37
187.91
188.63
188.93
188.83
188.1
187.31
187.17
187.36
189.16
188.08
186.38
186.1
187.26
187.41
187.3
187.63
188.32
188.95
187.68
187.93
190.62
191.48
192.11
190.92
189.93
189.6
192.4
192.06
191.58
192.55
194.35
195.13
194.38
195.65
194.72
192.72
193.29
192.94
192.37
191.05
191.93
192.52
191.45
192.01
192.43
191.85
191.23
190.06
189.74
189.15
189.61
186.73
186.63
187.34
186.53
187.1
185.33
187.61
189.04
189.51
189.68
191.06
190.16
190.04
189.32
189.55
187.75
187.68
187.86
188.29
187.6
188.56
189.64
189.72
187.42
185.66
184.54
183.87
184.61
184.28
181.92
180.62
180.76
179.99
180.08
179.01
178.37
179.83
180.63
182.18
183.43
182.26
181.88
180.7
181.11
180.84
181.68
181.2
180.92
180.54
180.19
179.42
178.21
178.03
179.03
179.11
180.53
181.27
180.66
179.54
179.54
178.43
177.97
179.04
179.35
179.08
179.54
176.88
176.53
177.84
178.19
179.66
178.79
179.1
179.51
180.65
182.23
182.06
183.23
181.18
180.71
181.17
179.23
179.36
180.19
181.18
181.33
181.6
182.41
183.35
180.56
180.51
182.19
181.82
180.43
180.61
180.35
178.63
179.63
179.39
179.18
177.4
177.35
176.71
177.3
175.48
175.23
171.32
170.73
171.19
170.81
170.51
167.91
168.31
165.18
163.99
164.24
163.68
164.57
165.37
167.24
166.26
165.75
166.47
166.76
165.51
166.38
167.16
168.11
163.61
162.69
161.81
162.63
163.07
162.83
162.26
162.76
162.1
163.38
162.82
163.58
163.91
165.02
166.29
165.55
166.92
164.51
164.18
163.09
164.1
165.89
165.99
165.97
167.36
167.6
168.68
169.17
170.41
168.58
167.42
167.49
166.09
166.84
164.78
165.29
166.31
167.2
167.09
167.36
167.96
168.1
164.14
164.78
165.77
164.18
162.78
162.11
161.67
162.13
162.68
162.92
162.44
163.59
164.62
166.1
166.96
166.28
165.62
165.28
165.67
167.47
166.94
167.65
168.87
168.78
167.94
164.68
164.45
164.26
164.37
165.65
164.29
164.88
166.68
166.6
167.09
167.4
166.44
167.51
167.12
167.06
167.83
164.94
164.14
163.77
162.8
164.42
165.43
165.42
165.54
161.75
162.72
162.6
162.35
157.99
154.08
150.66
150.19
151.19
150.08
148.83
147.82
148.95
149.55
150.37
151.4
152.38
151.6
150.88
150.03
150.56
152.89
153.36
152.24
152.76
153.7
153.2
153.18
152.84
151.64
152.71
153.97
154.46
154.51
154.84
152.61
151.73
149.03
150.39
152.13
152.19
153.06
155.17
154.92
155.01
153.65
154.34
153.24
150.55
150.35
150.29
151.62
151.23
153.15
153.88
154.73
155.78
156.57
157.99
158
157.5
158.49
160
160.11
160.52
159.47
159.11
161.2
161.9
161.68
160.05
159.89
160.3
158.65
158.07
156.8
158.02
157.9
158.97
158.32
157.31
157.73
155
155.87
155.45
155.48
155.04
157.54
157.66
157.98
159.18
159.52
159.88
157.3
156.67
156.86
156.69
158.66
158.86
157.78
159.27
157.41
156.77
156.78
156.34
154.35
155.19
154.57
156.25
157.89
159.24
158.19
157.06
156.82
159.3
157.51
154.29
154.31
154.64
155.74
156.13
156.25
156.61
154.95
156.3
155.42
155.85
158.74
158.08
160.91
163.36
162.74
163.41
162.87
163.94
164.24
164.84
165.94
164.87
166.21
167.04
167.55
167.83
167.18
167.02
167.75
167.8
167.95
168.9
169.28
168.81
166.78
164.04
164.93
164.86
165.34
164.76
163.22
163.53
163.56
162
162.32
162.39
161.66
163.33
164.93
165.62
165.08
165.2
165.91
165.47
165.76
165.44
166.49
166.4
167.91
166.54
167.18
166.96
166.84
166.05
165.09
166.13
166.08
165.36
166.58
166.29
164.41
163.97
161.76
161.91
162.44
163.45
164.84
163.66
163.55
163.37
164.84
165.38
166.47
165.99
165.95
166.98
166.73
167.81
170.43
169.86
169.87
169.62
170.34
172.65
170.8
170.28
167.74
166.27
165.81
166.07
167.23
168
168.43
170.07
169.51
169.76
168.41
169.24
167.62
166.25
164.38
165.35
164.8
165.48
166.92
167.77
167.96
167.89
165